1473092291 0 0 0 0 0 0 1 0 0 0 0 0 0 0 0 0 0 0 0 0
1475011907 0 0 0 0 0 1 1 0 0 0 0 0 0 0 0 0 0 0 0 0
1475017051 0 0 0 0 0 2 1 0 0 0 0 0 0 0 0 0 0 0 0 0
1475173503 0 0 0 0 0 3 1 0 0 0 0 0 0 0 0 0 0 0 0 0
1475182136 0 0 0 0 0 4 1 0 0 0 0 0 0 0 0 0 0 0 0 0
1475182185 0 0 0 0 0 4 1 0 0 0 0 0 1 0 0 0 0 0 0 0
1475182324 0 0 0 0 0 4 1 0 0 0 0 0 2 0 0 0 0 0 0 0
1475183959 0 0 0 0 0 4 1 0 0 0 0 0 3 0 0 0 0 0 0 0
1475184543 0 0 0 1 0 4 1 0 0 0 0 0 3 0 0 0 0 0 0 0
1475190057 0 0 0 1 0 4 1 0 0 0 0 0 4 0 0 0 0 0 0 0
1475190281 0 0 0 2 0 4 1 0 0 0 0 0 4 0 0 0 0 0 0 0
1475190323 0 0 0 2 0 5 1 0 0 0 0 0 4 0 0 0 0 0 0 0
1475190404 0 0 0 2 0 6 1 0 0 0 0 0 4 0 0 0 0 0 0 0
1475192168 0 0 1 2 0 6 1 0 0 0 0 0 4 0 0 0 0 0 0 0
1475192317 0 0 2 2 0 6 1 0 0 0 0 0 4 0 0 0 0 0 0 0
1475430904 0 0 2 2 0 7 1 0 0 0 0 0 4 0 0 0 0 0 0 0
1475463670 0 0 2 2 0 7 1 0 1 0 0 0 4 0 0 0 0 0 0 0
1475612671 0 0 2 2 0 8 1 0 1 0 0 0 4 0 0 0 0 0 0 0
1475614129 0 0 2 2 0 8 1 0 2 0 0 0 4 0 0 0 0 0 0 0
1475614641 0 0 2 3 0 8 1 0 2 0 0 0 4 0 0 0 0 0 0 0
1475622911 0 0 2 3 0 9 1 0 2 0 0 0 4 0 0 0 0 0 0 0
1475623001 0 0 2 3 0 10 1 0 2 0 0 0 4 0 0 0 0 0 0 0
1475623003 0 0 2 4 0 10 1 0 2 0 0 0 4 0 0 0 0 0 0 0
1475792608 0 0 2 5 0 10 1 0 2 0 0 0 4 0 0 0 0 0 0 0
1475794904 0 0 2 6 0 10 1 0 2 0 0 0 4 0 0 0 0 0 0 0
1475795289 0 0 2 6 0 11 1 0 2 0 0 0 4 0 0 0 0 0 0 0
1475795630 0 0 3 6 0 11 1 0 2 0 0 0 4 0 0 0 0 0 0 0
1475795636 0 0 3 7 0 11 1 0 2 0 0 0 4 0 0 0 0 0 0 0
1475795954 0 0 4 7 0 11 1 0 2 0 0 0 4 0 0 0 0 0 0 0
1475796435 0 0 5 7 0 11 1 0 2 0 0 0 4 0 0 0 0 0 0 0
1475796527 0 0 6 7 0 11 1 0 2 0 0 0 4 0 0 0 0 0 0 0
1475964647 0 0 6 7 0 11 1 0 2 0 0 0 5 0 0 0 0 0 0 0
1476044217 0 0 6 7 0 11 1 0 2 0 0 0 6 0 0 0 0 0 0 0
1476078997 0 0 6 8 0 11 1 0 2 0 0 0 6 0 0 0 0 0 0 0
1476079135 0 0 6 9 0 11 1 0 2 0 0 0 6 0 0 0 0 0 0 0
1476209771 0 0 6 9 0 12 1 0 2 0 0 0 6 0 0 0 0 0 0 0
1476214954 0 0 6 9 0 12 1 0 2 0 0 0 7 0 0 0 0 0 0 0
1476215018 0 0 6 9 0 12 1 0 2 0 0 0 8 0 0 0 0 0 0 0
1476215130 0 0 6 9 0 12 1 0 2 0 0 0 9 0 0 0 0 0 0 0
1476219283 0 0 6 9 0 13 1 0 2 0 0 0 9 0 0 0 0 0 0 0
1476221820 0 0 7 9 0 13 1 0 2 0 0 0 9 0 0 0 0 0 0 0
1476222319 0 0 8 9 0 13 1 0 2 0 0 0 9 0 0 0 0 0 0 0
1476225062 0 0 9 9 0 13 1 0 2 0 0 0 9 0 0 0 0 0 0 0
1476226794 0 0 9 10 0 13 1 0 2 0 0 0 9 0 0 0 0 0 0 0
1476385579 0 0 9 10 0 14 1 0 2 0 0 0 9 0 0 0 0 0 0 0
1476392387 0 0 10 10 0 14 1 0 2 0 0 0 9 0 0 0 0 0 0 0
1476392431 0 0 11 10 0 14 1 0 2 0 0 0 9 0 0 0 0 0 0 0
1476392513 0 0 12 10 0 14 1 0 2 0 0 0 9 0 0 0 0 0 0 0
1476392586 0 0 13 10 0 14 1 0 2 0 0 0 9 0 0 0 0 0 0 0
1476392828 0 0 13 10 0 15 1 0 2 0 0 0 9 0 0 0 0 0 0 0
1476395099 0 0 14 10 0 15 1 0 2 0 0 0 9 0 0 0 0 0 0 0
1476398131 0 0 14 10 0 15 1 0 2 0 0 0 10 0 0 0 0 0 0 0
1476398802 0 0 14 10 0 15 1 0 2 0 0 0 11 0 0 0 0 0 0 0
1476399766 0 0 14 10 0 15 1 0 2 0 0 0 12 0 0 0 0 0 0 0
1476821379 0 0 14 10 0 16 1 0 2 0 0 0 12 0 0 0 0 0 0 0
1476824086 0 0 14 11 0 16 1 0 2 0 0 0 12 0 0 0 0 0 0 0
1476824131 0 0 14 12 0 16 1 0 2 0 0 0 12 0 0 0 0 0 0 0
1476826807 0 0 15 12 0 16 1 0 2 0 0 0 12 0 0 0 0 0 0 0
1476831073 0 0 15 13 0 16 1 0 2 0 0 0 12 0 0 0 0 0 0 0
1476991453 0 0 15 13 0 17 1 0 2 0 0 0 12 0 0 0 0 0 0 0
1476997433 0 0 15 14 0 17 1 0 2 0 0 0 12 0 0 0 0 0 0 0
1476997846 0 1 15 14 0 17 1 0 2 0 0 0 12 0 0 0 0 0 0 0
1476998022 0 2 15 14 0 17 1 0 2 0 0 0 12 0 0 0 0 0 0 0
1476998350 0 3 15 14 0 17 1 0 2 0 0 0 12 0 0 0 0 0 0 0
1476999169 0 3 16 14 0 17 1 0 2 0 0 0 12 0 0 0 0 0 0 0
1476999219 0 3 16 14 0 18 1 0 2 0 0 0 12 0 0 0 0 0 0 0
1476999243 0 3 16 14 0 19 1 0 2 0 0 0 12 0 0 0 0 0 0 0
1476999255 0 3 17 14 0 19 1 0 2 0 0 0 12 0 0 0 0 0 0 0
1477001038 0 3 17 15 0 19 1 0 2 0 0 0 12 0 0 0 0 0 0 0
1477002380 0 3 17 16 0 19 1 0 2 0 0 0 12 0 0 0 0 0 0 0
1477002659 0 3 17 17 0 19 1 0 2 0 0 0 12 0 0 0 0 0 0 0
1477002686 0 3 17 18 0 19 1 0 2 0 0 0 12 0 0 0 0 0 0 0
1477002801 0 3 17 19 0 19 1 0 2 0 0 0 12 0 0 0 0 0 0 0
1477002954 0 3 17 20 0 19 1 0 2 0 0 0 12 0 0 0 0 0 0 0
1477002993 0 3 17 21 0 19 1 0 2 0 0 0 12 0 0 0 0 0 0 0
1477004394 0 3 17 22 0 19 1 0 2 0 0 0 12 0 0 0 0 0 0 0
1477017772 0 4 17 22 0 19 1 0 2 0 0 0 12 0 0 0 0 0 0 0
1477018013 0 5 17 22 0 19 1 0 2 0 0 0 12 0 0 0 0 0 0 0
1477103780 0 6 17 22 0 19 1 0 2 0 0 0 12 0 0 0 0 0 0 0
1477427653 0 6 17 22 0 20 1 0 2 0 0 0 12 0 0 0 0 0 0 0
1477428449 0 7 17 22 0 20 1 0 2 0 0 0 12 0 0 0 0 0 0 0
1477428560 0 8 17 22 0 20 1 0 2 0 0 0 12 0 0 0 0 0 0 0
1477429779 0 8 18 22 0 20 1 0 2 0 0 0 12 0 0 0 0 0 0 0
1477429809 0 8 19 22 0 20 1 0 2 0 0 0 12 0 0 0 0 0 0 0
1477429857 0 8 20 22 0 20 1 0 2 0 0 0 12 0 0 0 0 0 0 0
1477429979 0 8 21 22 0 20 1 0 2 0 0 0 12 0 0 0 0 0 0 0
1477431345 0 8 21 23 0 20 1 0 2 0 0 0 12 0 0 0 0 0 0 0
1477431388 0 8 21 24 0 20 1 0 2 0 0 0 12 0 0 0 0 0 0 0
1477431452 0 8 21 25 0 20 1 0 2 0 0 0 12 0 0 0 0 0 0 0
1477431739 0 8 21 26 0 20 1 0 2 0 0 0 12 0 0 0 0 0 0 0
1477432438 0 8 21 27 0 20 1 0 2 0 0 0 12 0 0 0 0 0 0 0
1477433487 0 8 21 28 0 20 1 0 2 0 0 0 12 0 0 0 0 0 0 0
1477434192 0 8 21 29 0 20 1 0 2 0 0 0 12 0 0 0 0 0 0 0
1477434226 0 8 21 30 0 20 1 0 2 0 0 0 12 0 0 0 0 0 0 0
1477434429 0 8 21 31 0 20 1 0 2 0 0 0 12 0 0 0 0 0 0 0
1477434455 0 8 21 32 0 20 1 0 2 0 0 0 12 0 0 0 0 0 0 0
1477437123 0 8 22 32 0 20 1 0 2 0 0 0 12 0 0 0 0 0 0 0
1477437347 0 8 22 33 0 20 1 0 2 0 0 0 12 0 0 0 0 0 0 0
1477437640 0 8 23 33 0 20 1 0 2 0 0 0 12 0 0 0 0 0 0 0
1477437661 0 8 24 33 0 20 1 0 2 0 0 0 12 0 0 0 0 0 0 0
1477439382 0 8 25 33 0 20 1 0 2 0 0 0 12 0 0 0 0 0 0 0
1477446337 0 9 25 33 0 20 1 0 2 0 0 0 12 0 0 0 0 0 0 0
1477532484 0 10 25 33 0 20 1 0 2 0 0 0 12 0 0 0 0 0 0 0
1477532831 0 11 25 33 0 20 1 0 2 0 0 0 12 0 0 0 0 0 0 0
1477594659 0 11 25 33 0 21 1 0 2 0 0 0 12 0 0 0 0 0 0 0
1477597836 0 11 25 33 0 22 1 0 2 0 0 0 12 0 0 0 0 0 0 0
1477601353 0 11 25 33 0 23 1 0 2 0 0 0 12 0 0 0 0 0 0 0
1477601656 0 11 25 33 0 23 1 0 3 0 0 0 12 0 0 0 0 0 0 0
1477601881 0 11 25 33 0 23 1 0 4 0 0 0 12 0 0 0 0 0 0 0
1477608309 0 11 26 33 0 23 1 0 4 0 0 0 12 0 0 0 0 0 0 0
1477608360 0 11 27 33 0 23 1 0 4 0 0 0 12 0 0 0 0 0 0 0
1477701327 0 12 27 33 0 23 1 0 4 0 0 0 12 0 0 0 0 0 0 0
1477877463 0 13 27 33 0 23 1 0 4 0 0 0 12 0 0 0 0 0 0 0
1478027852 0 13 27 33 0 24 1 0 4 0 0 0 12 0 0 0 0 0 0 0
1478032789 0 13 28 33 0 24 1 0 4 0 0 0 12 0 0 0 0 0 0 0
1478033343 0 14 28 33 0 24 1 0 4 0 0 0 12 0 0 0 0 0 0 0
1478033377 0 14 29 33 0 24 1 0 4 0 0 0 12 0 0 0 0 0 0 0
1478033534 0 14 29 34 0 24 1 0 4 0 0 0 12 0 0 0 0 0 0 0
1478034674 0 14 29 34 0 25 1 0 4 0 0 0 12 0 0 0 0 0 0 0
1478034693 0 14 29 35 0 25 1 0 4 0 0 0 12 0 0 0 0 0 0 0
1478034713 0 14 29 35 0 26 1 0 4 0 0 0 12 0 0 0 0 0 0 0
1478036594 0 14 30 35 0 26 1 0 4 0 0 0 12 0 0 0 0 0 0 0
1478037640 0 14 30 36 0 26 1 0 4 0 0 0 12 0 0 0 0 0 0 0
1478037952 0 14 31 36 0 26 1 0 4 0 0 0 12 0 0 0 0 0 0 0
1478038130 0 14 31 36 0 26 2 0 4 0 0 0 12 0 0 0 0 0 0 0
1478038338 0 14 31 36 0 26 3 0 4 0 0 0 12 0 0 0 0 0 0 0
1478038462 0 14 32 36 0 26 3 0 4 0 0 0 12 0 0 0 0 0 0 0
1478040209 0 14 32 36 0 27 3 0 4 0 0 0 12 0 0 0 0 0 0 0
1478041261 0 14 32 36 0 28 3 0 4 0 0 0 12 0 0 0 0 0 0 0
1478041419 0 14 32 36 0 28 4 0 4 0 0 0 12 0 0 0 0 0 0 0
1478041436 0 14 32 36 0 28 5 0 4 0 0 0 12 0 0 0 0 0 0 0
1478043101 0 14 33 36 0 28 5 0 4 0 0 0 12 0 0 0 0 0 0 0
1478043222 0 14 34 36 0 28 5 0 4 0 0 0 12 0 0 0 0 0 0 0
1478046335 0 15 34 36 0 28 5 0 4 0 0 0 12 0 0 0 0 0 0 0
1478046507 0 16 34 36 0 28 5 0 4 0 0 0 12 0 0 0 0 0 0 0
1478046985 0 17 34 36 0 28 5 0 4 0 0 0 12 0 0 0 0 0 0 0
1478047069 0 18 34 36 0 28 5 0 4 0 0 0 12 0 0 0 0 0 0 0
1478047138 0 19 34 36 0 28 5 0 4 0 0 0 12 0 0 0 0 0 0 0
1478047373 0 20 34 36 0 28 5 0 4 0 0 0 12 0 0 0 0 0 0 0
1478047643 0 21 34 36 0 28 5 0 4 0 0 0 12 0 0 0 0 0 0 0
1478205967 0 21 35 36 0 28 5 0 4 0 0 0 12 0 0 0 0 0 0 0
1478205980 0 21 36 36 0 28 5 0 4 0 0 0 12 0 0 0 0 0 0 0
1478207250 0 21 36 36 0 29 5 0 4 0 0 0 12 0 0 0 0 0 0 0
1478207256 0 21 36 36 0 30 5 0 4 0 0 0 12 0 0 0 0 0 0 0
1478207389 0 21 36 36 0 30 5 0 5 0 0 0 12 0 0 0 0 0 0 0
1478207455 0 21 36 36 0 30 5 0 6 0 0 0 12 0 0 0 0 0 0 0
1478207590 0 21 36 36 0 30 6 0 6 0 0 0 12 0 0 0 0 0 0 0
1478207902 0 21 37 36 0 30 6 0 6 0 0 0 12 0 0 0 0 0 0 0
1478207952 0 21 38 36 0 30 6 0 6 0 0 0 12 0 0 0 0 0 0 0
1478208497 0 22 38 36 0 30 6 0 6 0 0 0 12 0 0 0 0 0 0 0
1478208678 0 23 38 36 0 30 6 0 6 0 0 0 12 0 0 0 0 0 0 0
1478210055 0 23 39 36 0 30 6 0 6 0 0 0 12 0 0 0 0 0 0 0
1478210182 0 23 40 36 0 30 6 0 6 0 0 0 12 0 0 0 0 0 0 0
1478213110 0 24 40 36 0 30 6 0 6 0 0 0 12 0 0 0 0 0 0 0
1478213297 0 25 40 36 0 30 6 0 6 0 0 0 12 0 0 0 0 0 0 0
1478213616 0 25 40 37 0 30 6 0 6 0 0 0 12 0 0 0 0 0 0 0
1478213702 0 25 40 38 0 30 6 0 6 0 0 0 12 0 0 0 0 0 0 0
1478213740 0 26 40 38 0 30 6 0 6 0 0 0 12 0 0 0 0 0 0 0
1478214939 0 26 41 38 0 30 6 0 6 0 0 0 12 0 0 0 0 0 0 0
1478229847 0 27 41 38 0 30 6 0 6 0 0 0 12 0 0 0 0 0 0 0
1478229882 0 28 41 38 0 30 6 0 6 0 0 0 12 0 0 0 0 0 0 0
1478495447 0 29 41 38 0 30 6 0 6 0 0 0 12 0 0 0 0 0 0 0
1478642017 0 29 42 38 0 30 6 0 6 0 0 0 12 0 0 0 0 0 0 0
1478645482 0 29 43 38 0 30 6 0 6 0 0 0 12 0 0 0 0 0 0 0
1478646385 0 29 43 38 0 31 6 0 6 0 0 0 12 0 0 0 0 0 0 0
1478646443 0 29 43 38 0 32 6 0 6 0 0 0 12 0 0 0 0 0 0 0
1478646633 0 29 44 38 0 32 6 0 6 0 0 0 12 0 0 0 0 0 0 0
1478646983 0 29 45 38 0 32 6 0 6 0 0 0 12 0 0 0 0 0 0 0
1478649063 0 29 45 38 0 32 6 0 7 0 0 0 12 0 0 0 0 0 0 0
1478649275 0 29 45 39 0 32 6 0 7 0 0 0 12 0 0 0 0 0 0 0
1478649336 0 29 45 40 0 32 6 0 7 0 0 0 12 0 0 0 0 0 0 0
1478649422 0 29 45 40 0 32 6 0 8 0 0 0 12 0 0 0 0 0 0 0
1478650935 0 29 46 40 0 32 6 0 8 0 0 0 12 0 0 0 0 0 0 0
1478810225 0 30 46 40 0 32 6 0 8 0 0 0 12 0 0 0 0 0 0 0
1478814960 0 30 47 40 0 32 6 0 8 0 0 0 12 0 0 0 0 0 0 0
1478815413 0 31 47 40 0 32 6 0 8 0 0 0 12 0 0 0 0 0 0 0
1478815564 0 31 47 40 0 33 6 0 8 0 0 0 12 0 0 0 0 0 0 0
1478815734 0 31 48 40 0 33 6 0 8 0 0 0 12 0 0 0 0 0 0 0
1478815787 0 31 49 40 0 33 6 0 8 0 0 0 12 0 0 0 0 0 0 0
1478817915 0 31 49 40 0 33 7 0 8 0 0 0 12 0 0 0 0 0 0 0
1478818622 0 32 49 40 0 33 7 0 8 0 0 0 12 0 0 0 0 0 0 0
1478818650 0 33 49 40 0 33 7 0 8 0 0 0 12 0 0 0 0 0 0 0
1478818808 0 34 49 40 0 33 7 0 8 0 0 0 12 0 0 0 0 0 0 0
1478823117 0 34 50 40 0 33 7 0 8 0 0 0 12 0 0 0 0 0 0 0
1479244408 0 34 50 40 0 34 7 0 8 0 0 0 12 0 0 0 0 0 0 0
1479244772 0 34 50 40 0 34 7 0 9 0 0 0 12 0 0 0 0 0 0 0
1479245113 0 34 50 40 0 34 7 0 10 0 0 0 12 0 0 0 0 0 0 0
1479246302 0 34 50 41 0 34 7 0 10 0 0 0 12 0 0 0 0 0 0 0
1479246894 0 34 51 41 0 34 7 0 10 0 0 0 12 0 0 0 0 0 0 0
1479247514 0 34 51 41 0 35 7 0 10 0 0 0 12 0 0 0 0 0 0 0
1479247567 0 34 52 41 0 35 7 0 10 0 0 0 12 0 0 0 0 0 0 0
1479247642 0 34 53 41 0 35 7 0 10 0 0 0 12 0 0 0 0 0 0 0
1479247719 0 34 54 41 0 35 7 0 10 0 0 0 12 0 0 0 0 0 0 0
1479247747 0 34 55 41 0 35 7 0 10 0 0 0 12 0 0 0 0 0 0 0
1479248345 0 34 55 41 0 36 7 0 10 0 0 0 12 0 0 0 0 0 0 0
1479250338 0 34 55 41 0 36 8 0 10 0 0 0 12 0 0 0 0 0 0 0
1479252163 0 34 55 41 0 36 8 0 11 0 0 0 12 0 0 0 0 0 0 0
1479254216 0 34 56 41 0 36 8 0 11 0 0 0 12 0 0 0 0 0 0 0
1479254995 0 34 57 41 0 36 8 0 11 0 0 0 12 0 0 0 0 0 0 0
1479255211 0 35 57 41 0 36 8 0 11 0 0 0 12 0 0 0 0 0 0 0
1479419133 0 35 58 41 0 36 8 0 11 0 0 0 12 0 0 0 0 0 0 0
1479422443 0 35 59 41 0 36 8 0 11 0 0 0 12 0 0 0 0 0 0 0
1479424373 0 36 59 41 0 36 8 0 11 0 0 0 12 0 0 0 0 0 0 0
1479424596 0 37 59 41 0 36 8 0 11 0 0 0 12 0 0 0 0 0 0 0
1479424883 0 38 59 41 0 36 8 0 11 0 0 0 12 0 0 0 0 0 0 0
1479425386 0 38 60 41 0 36 8 0 11 0 0 0 12 0 0 0 0 0 0 0
1479425391 0 38 61 41 0 36 8 0 11 0 0 0 12 0 0 0 0 0 0 0
1479426749 0 38 62 41 0 36 8 0 11 0 0 0 12 0 0 0 0 0 0 0
1479426762 0 38 63 41 0 36 8 0 11 0 0 0 12 0 0 0 0 0 0 0
1479426990 0 38 63 42 0 36 8 0 11 0 0 0 12 0 0 0 0 0 0 0
1479427036 0 38 63 43 0 36 8 0 11 0 0 0 12 0 0 0 0 0 0 0
1479427076 0 38 63 44 0 36 8 0 11 0 0 0 12 0 0 0 0 0 0 0
1479430674 0 38 64 44 0 36 8 0 11 0 0 0 12 0 0 0 0 0 0 0
1479430777 0 38 65 44 0 36 8 0 11 0 0 0 12 0 0 0 0 0 0 0
1479855792 0 38 66 44 0 36 8 0 11 0 0 0 12 0 0 0 0 0 0 0
1480454906 0 38 66 45 0 36 8 0 11 0 0 0 12 0 0 0 0 0 0 0
1480454935 0 38 66 46 0 36 8 0 11 0 0 0 12 0 0 0 0 0 0 0
1480455384 0 38 67 46 0 36 8 0 11 0 0 0 12 0 0 0 0 0 0 0
1480455451 0 38 68 46 0 36 8 0 11 0 0 0 12 0 0 0 0 0 0 0
1480456333 0 38 68 46 0 36 8 0 12 0 0 0 12 0 0 0 0 0 0 0
1480456759 0 38 68 46 0 36 8 0 12 0 0 0 12 0 0 0 0 0 0 1
1480457727 0 38 68 47 0 36 8 0 12 0 0 0 12 0 0 0 0 0 0 1
1480457772 0 38 68 48 0 36 8 0 12 0 0 0 12 0 0 0 0 0 0 1
1480459037 0 38 68 48 0 37 8 0 12 0 0 0 12 0 0 0 0 0 0 1
1480459047 0 38 68 48 0 38 8 0 12 0 0 0 12 0 0 0 0 0 0 1
1480459298 0 38 68 48 0 38 8 0 13 0 0 0 12 0 0 0 0 0 0 1
1480459543 0 38 68 48 0 38 8 0 14 0 0 0 12 0 0 0 0 0 0 1
1480461025 0 38 68 48 0 38 8 0 15 0 0 0 12 0 0 0 0 0 0 1
1480462990 0 38 69 48 0 38 8 0 15 0 0 0 12 0 0 0 0 0 0 1
1480463107 0 38 70 48 0 38 8 0 15 0 0 0 12 0 0 0 0 0 0 1
1480465555 0 39 70 48 0 38 8 0 15 0 0 0 12 0 0 0 0 0 0 1
1480466026 0 40 70 48 0 38 8 0 15 0 0 0 12 0 0 0 0 0 0 1
1480466179 0 41 70 48 0 38 8 0 15 0 0 0 12 0 0 0 0 0 0 1
1480630827 0 41 70 48 0 39 8 0 15 0 0 0 12 0 0 0 0 0 0 1
1480632853 0 41 70 48 0 40 8 0 15 0 0 0 12 0 0 0 0 0 0 1
1480634666 0 41 71 48 0 40 8 0 15 0 0 0 12 0 0 0 0 0 0 1
1480634709 0 41 72 48 0 40 8 0 15 0 0 0 12 0 0 0 0 0 0 1
1480635833 0 41 73 48 0 40 8 0 15 0 0 0 12 0 0 0 0 0 0 1
1480641661 0 42 73 48 0 40 8 0 15 0 0 0 12 0 0 0 0 0 0 1
1480890712 0 42 73 48 0 40 8 0 15 0 0 0 12 0 0 1 0 0 0 1
1481057850 0 42 73 48 0 41 8 0 15 0 0 0 12 0 0 1 0 0 0 1
1481059967 0 42 74 48 0 41 8 0 15 0 0 0 12 0 0 1 0 0 0 1
1481060008 0 42 75 48 0 41 8 0 15 0 0 0 12 0 0 1 0 0 0 1
1481063398 0 42 75 48 0 42 8 0 15 0 0 0 12 0 0 1 0 0 0 1
1481063497 0 42 76 48 0 42 8 0 15 0 0 0 12 0 0 1 0 0 0 1
1481063533 0 42 77 48 0 42 8 0 15 0 0 0 12 0 0 1 0 0 0 1
1481064014 0 42 77 49 0 42 8 0 15 0 0 0 12 0 0 1 0 0 0 1
1481064056 0 42 77 50 0 42 8 0 15 0 0 0 12 0 0 1 0 0 0 1
1481064475 0 42 77 51 0 42 8 0 15 0 0 0 12 0 0 1 0 0 0 1
1481064494 0 42 77 51 0 42 8 0 16 0 0 0 12 0 0 1 0 0 0 1
1481064524 0 42 77 51 0 42 8 0 17 0 0 0 12 0 0 1 0 0 0 1
1481064696 0 42 77 52 0 42 8 0 17 0 0 0 12 0 0 1 0 0 0 1
1481066032 0 42 77 52 0 42 9 0 17 0 0 0 12 0 0 1 0 0 0 1
1481067196 0 42 78 52 0 42 9 0 17 0 0 0 12 0 0 1 0 0 0 1
1481067389 0 42 79 52 0 42 9 0 17 0 0 0 12 0 0 1 0 0 0 1
1481071362 0 43 79 52 0 42 9 0 17 0 0 0 12 0 0 1 0 0 0 1
1481072646 0 44 79 52 0 42 9 0 17 0 0 0 12 0 0 1 0 0 0 1
1481075406 0 45 79 52 0 42 9 0 17 0 0 0 12 0 0 1 0 0 0 1
1481075524 0 46 79 52 0 42 9 0 17 0 0 0 12 0 0 1 0 0 0 1
1481234832 0 46 79 53 0 42 9 0 17 0 0 0 12 0 0 1 0 0 0 1
1481234917 0 46 79 54 0 42 9 0 17 0 0 0 12 0 0 1 0 0 0 1
1481234954 0 46 79 55 0 42 9 0 17 0 0 0 12 0 0 1 0 0 0 1
1481235006 0 46 79 55 0 43 9 0 17 0 0 0 12 0 0 1 0 0 0 1
1481235029 0 46 79 55 0 44 9 0 17 0 0 0 12 0 0 1 0 0 0 1
1481237561 0 46 80 55 0 44 9 0 17 0 0 0 12 0 0 1 0 0 0 1
1481237578 0 46 81 55 0 44 9 0 17 0 0 0 12 0 0 1 0 0 0 1
1481237633 0 47 81 55 0 44 9 0 17 0 0 0 12 0 0 1 0 0 0 1
1481237640 0 48 81 55 0 44 9 0 17 0 0 0 12 0 0 1 0 0 0 1
1481237787 0 48 82 55 0 44 9 0 17 0 0 0 12 0 0 1 0 0 0 1
1481239508 0 48 82 55 0 44 10 0 17 0 0 0 12 0 0 1 0 0 0 1
1481241393 0 48 83 55 0 44 10 0 17 0 0 0 12 0 0 1 0 0 0 1
1481241770 0 49 83 55 0 44 10 0 17 0 0 0 12 0 0 1 0 0 0 1
1481241883 0 50 83 55 0 44 10 0 17 0 0 0 12 0 0 1 0 0 0 1
1481241924 0 50 84 55 0 44 10 0 17 0 0 0 12 0 0 1 0 0 0 1
1481242862 0 50 85 55 0 44 10 0 17 0 0 0 12 0 0 1 0 0 0 1
1481242881 0 50 86 55 0 44 10 0 17 0 0 0 12 0 0 1 0 0 0 1
1481347086 0 50 86 55 0 44 10 0 17 0 0 0 12 0 0 2 0 0 0 1
1481655564 0 50 86 55 0 44 10 0 17 0 1 0 12 0 0 2 0 0 0 1
1481662031 0 50 86 55 0 44 10 0 17 0 2 0 12 0 0 2 0 0 0 1
1481667885 0 50 87 55 0 44 10 0 17 0 2 0 12 0 0 2 0 0 0 1
1481667996 0 50 88 55 0 44 10 0 17 0 2 0 12 0 0 2 0 0 0 1
1481668146 0 50 89 55 0 44 10 0 17 0 2 0 12 0 0 2 0 0 0 1
1481668965 0 50 90 55 0 44 10 0 17 0 2 0 12 0 0 2 0 0 0 1
1481669003 0 50 91 55 0 44 10 0 17 0 2 0 12 0 0 2 0 0 0 1
1481670780 0 50 91 55 0 44 11 0 17 0 2 0 12 0 0 2 0 0 0 1
1481673772 0 50 92 55 0 44 11 0 17 0 2 0 12 0 0 2 0 0 0 1
1481674608 0 50 92 55 0 44 12 0 17 0 2 0 12 0 0 2 0 0 0 1
1481829191 0 50 92 55 0 45 12 0 17 0 2 0 12 0 0 2 0 0 0 1
1481830445 0 50 93 55 0 45 12 0 17 0 2 0 12 0 0 2 0 0 0 1
1481830684 0 50 94 55 0 45 12 0 17 0 2 0 12 0 0 2 0 0 0 1
1481833056 0 50 95 55 0 45 12 0 17 0 2 0 12 0 0 2 0 0 0 1
1481835401 0 50 95 55 0 46 12 0 17 0 2 0 12 0 0 2 0 0 0 1
1481837071 0 50 96 55 0 46 12 0 17 0 2 0 12 0 0 2 0 0 0 1
1481837118 0 50 97 55 0 46 12 0 17 0 2 0 12 0 0 2 0 0 0 1
1481837170 0 50 98 55 0 46 12 0 17 0 2 0 12 0 0 2 0 0 0 1
1481855817 0 50 99 55 0 46 12 0 17 0 2 0 12 0 0 2 0 0 0 1
1483602307 0 50 99 55 0 46 13 0 17 0 2 0 12 0 0 2 0 0 0 1
1485302659 0 50 99 55 0 46 13 1 17 0 2 0 12 0 0 2 0 0 0 1
1485473184 0 50 99 55 0 46 13 1 17 0 2 1 12 0 0 2 0 0 0 1
1485508808 1 50 99 55 0 46 13 1 17 0 2 1 12 0 0 2 0 0 0 1
1485572758 2 50 99 55 0 46 13 1 17 0 2 1 12 0 0 2 0 0 0 1
1485898883 2 50 99 55 0 46 13 1 17 0 2 1 12 0 1 2 0 0 0 1
1485899002 2 50 99 55 0 46 13 1 17 0 2 1 12 0 2 2 0 0 0 1
1485901110 2 50 99 55 0 46 13 1 17 0 2 1 12 1 2 2 0 0 0 1
1485902585 3 50 99 55 0 46 13 1 17 0 2 1 12 1 2 2 0 0 0 1
1485906466 3 50 99 55 0 46 13 1 17 0 2 2 12 1 2 2 0 0 0 1
1485906516 3 50 99 55 0 46 13 1 17 0 2 3 12 1 2 2 0 0 0 1
1485906565 3 50 99 55 0 46 13 1 17 0 2 4 12 1 2 2 0 0 0 1
1486011736 3 50 99 55 0 46 13 1 17 0 2 4 12 2 2 2 0 0 0 1
1486011753 3 50 99 55 0 46 13 1 17 0 2 4 12 3 2 2 0 0 0 1
1486015824 3 50 99 55 0 46 13 1 17 0 2 4 12 4 2 2 0 0 0 1
1486065364 3 50 99 55 0 46 13 1 17 0 2 4 12 5 2 2 0 0 0 1
1486069990 3 51 99 55 0 46 13 1 17 0 2 4 12 5 2 2 0 0 0 1
1486070390 3 52 99 55 0 46 13 1 17 0 2 4 12 5 2 2 0 0 0 1
1486071607 3 52 99 55 0 46 13 1 17 1 2 4 12 5 2 2 0 0 0 1
1486071702 3 52 99 55 0 46 13 1 17 2 2 4 12 5 2 2 0 0 0 1
1486072822 3 52 99 55 0 46 13 1 17 2 2 4 12 5 3 2 0 0 0 1
1486076744 3 52 99 55 0 46 14 1 17 2 2 4 12 5 3 2 0 0 0 1
1486077639 3 52 99 55 0 46 14 1 17 2 2 4 12 6 3 2 0 0 0 1
1486078339 3 52 99 55 0 46 14 1 17 3 2 4 12 6 3 2 0 0 0 1
1486079064 4 52 99 55 0 46 14 1 17 3 2 4 12 6 3 2 0 0 0 1
1486079953 5 52 99 55 0 46 14 1 17 3 2 4 12 6 3 2 0 0 0 1
1486083393 6 52 99 55 0 46 14 1 17 3 2 4 12 6 3 2 0 0 0 1
1486114142 6 52 99 55 1 46 14 1 17 3 2 4 12 6 3 2 0 0 0 1
1486506615 6 52 99 55 1 46 14 1 17 3 2 4 12 6 4 2 0 0 0 1
1486507293 6 52 99 55 1 46 14 1 17 3 2 5 12 6 4 2 0 0 0 1
1486509316 6 52 99 55 1 46 14 1 17 3 2 5 12 6 5 2 0 0 0 1
1486509704 6 52 99 55 1 46 15 1 17 3 2 5 12 6 5 2 0 0 0 1
1486510216 6 52 99 55 1 46 15 1 17 3 2 5 12 6 6 2 0 0 0 1
1486510629 6 52 99 55 1 46 16 1 17 3 2 5 12 6 6 2 0 0 0 1
1486511464 7 52 99 55 1 46 16 1 17 3 2 5 12 6 6 2 0 0 0 1
1486680690 7 52 99 55 2 46 16 1 17 3 2 5 12 9 6 2 0 0 0 1
1486781449 7 52 99 55 3 46 16 1 17 3 2 5 12 9 6 2 0 0 0 1
1486795046 8 52 99 55 3 46 16 1 17 3 2 5 12 9 6 2 0 0 0 1
1486795166 9 52 99 55 3 46 16 1 17 3 2 5 12 9 6 2 0 0 0 1
1486933449 10 52 99 55 3 46 16 1 17 3 2 5 12 9 6 2 0 0 0 1
1486933908 11 52 99 55 3 46 16 1 17 3 2 5 12 9 6 2 0 0 0 1
1487102069 11 52 99 55 4 46 16 1 17 3 2 5 12 9 6 2 0 0 0 1
1487102139 11 52 99 55 5 46 16 1 17 3 2 5 12 9 6 2 0 0 0 1
1487109712 11 52 99 55 5 46 16 1 17 3 2 6 12 9 6 2 0 0 0 1
1487116520 12 52 99 55 5 46 16 1 17 3 2 6 12 9 6 2 0 0 0 1
1487117222 12 52 99 55 6 46 16 1 17 4 2 6 12 9 6 2 0 0 0 1
1487280957 12 52 99 55 6 46 16 1 17 5 2 6 12 9 6 2 0 0 0 1
1487281026 12 52 99 55 6 46 16 1 17 6 2 6 12 9 6 2 0 0 0 1
1487283351 12 52 99 55 6 46 16 1 18 6 2 6 12 9 6 2 0 0 0 1
1487283570 12 52 99 55 6 46 16 1 19 6 2 6 12 9 6 2 0 0 0 1
1487285367 13 52 99 55 6 46 16 1 19 6 2 6 12 9 6 2 0 0 0 1
1487286058 14 52 99 55 6 46 16 1 19 6 2 6 12 9 6 2 0 0 0 1
1487286077 15 52 99 55 6 46 16 1 19 6 2 6 12 9 6 2 0 0 0 1
1487286490 16 52 99 55 6 46 16 1 19 6 2 6 12 9 6 2 0 0 0 1
1487286871 17 52 99 55 6 46 16 1 19 6 2 6 12 9 6 2 0 0 0 1
1487287461 18 52 99 55 6 46 16 1 19 6 2 6 12 9 6 2 0 0 0 1
1487287902 18 52 99 55 6 46 16 1 19 6 2 6 12 9 7 2 0 0 0 1
1487289447 18 52 99 55 6 46 16 1 19 6 2 6 12 9 8 2 0 0 0 1
1487289534 18 52 99 55 6 46 16 1 19 6 2 6 12 9 9 2 0 0 0 1
1487290344 18 52 99 55 7 46 16 1 19 6 2 6 12 9 9 2 0 0 0 1
1487296317 18 52 99 55 8 46 16 1 19 6 2 6 12 9 9 2 0 0 0 1
1487319780 18 53 99 55 8 46 16 1 19 6 2 6 12 9 9 2 0 0 0 1
1487326003 19 53 99 55 8 46 16 1 19 6 2 6 12 9 9 2 0 0 0 1
1487333499 20 53 99 55 8 46 16 1 19 6 2 6 12 9 9 2 0 0 0 1
1487343611 21 53 99 55 8 46 16 1 19 6 2 6 12 9 9 2 0 0 0 1
1487499237 21 53 99 55 8 46 16 1 19 6 3 6 12 9 9 2 0 0 0 1
1487658411 21 53 99 55 8 46 16 1 19 6 4 6 12 9 9 2 0 0 0 1
1487669132 21 53 99 55 8 46 16 1 19 6 5 6 12 9 9 2 0 0 0 1
1487715804 22 53 99 55 8 46 16 1 19 6 5 6 12 9 9 2 0 0 0 1
1487716049 22 53 99 55 8 46 16 1 19 6 5 7 12 9 9 2 0 0 0 1
1487833328 23 53 99 55 8 46 16 1 19 6 5 7 12 9 9 2 0 0 0 1
1487833403 24 53 99 55 8 46 16 1 19 6 5 7 12 9 9 2 0 0 0 1
1487833763 25 53 99 55 8 46 16 1 19 6 5 7 12 9 9 2 0 0 0 1
1487836338 26 53 99 55 8 46 16 1 19 6 5 7 12 9 9 2 0 0 0 1
1487856343 26 53 99 55 8 46 16 1 19 6 6 7 12 9 9 2 0 0 0 1
1487888109 26 53 99 55 8 46 16 2 19 6 6 7 12 9 9 2 0 0 0 1
1487889096 27 53 99 55 8 46 16 2 19 6 6 7 12 9 9 2 0 0 0 1
1487889545 27 53 99 55 8 46 16 2 19 6 6 7 12 10 9 2 0 0 0 1
1487890422 27 53 99 55 8 46 16 2 19 6 6 8 12 10 9 2 0 0 0 1
1487890443 27 54 99 55 8 46 16 2 19 6 6 8 12 10 9 2 0 0 0 1
1487890792 27 54 99 55 8 46 16 2 19 6 6 8 12 10 9 3 0 0 0 1
1487890982 27 54 99 55 8 46 16 2 19 6 6 8 12 10 9 4 0 0 0 1
1487902044 27 54 99 55 9 46 16 2 19 6 6 8 12 10 9 4 0 0 0 1
1487909836 28 54 99 55 9 46 16 2 19 6 6 8 12 10 9 4 0 0 0 1
1487927077 28 55 99 55 9 46 16 2 19 6 6 8 12 10 9 4 0 0 0 1
1487981212 28 55 99 55 9 46 17 2 19 6 6 8 12 10 9 4 0 0 0 1
1487984798 29 55 99 55 9 46 17 2 19 6 6 8 12 10 9 4 0 0 0 1
1487985255 30 55 99 55 9 46 17 2 19 6 6 8 12 10 9 4 0 0 0 1
1488010083 30 56 99 55 9 46 17 2 19 6 6 8 12 10 9 4 0 0 0 1
1488752147 30 57 99 55 9 46 17 2 19 6 6 8 12 10 9 4 0 0 0 1
1488752676 30 58 99 55 9 46 17 2 19 6 6 8 12 10 9 4 0 0 0 1
1488779970 30 58 99 55 10 46 17 2 19 6 6 8 12 10 9 4 0 0 0 1
1488795652 30 58 99 55 10 46 17 3 19 6 6 8 12 10 9 4 0 0 0 1
1488917263 30 59 99 55 10 46 17 3 19 6 6 8 12 10 9 4 0 0 0 1
1488928667 30 59 99 55 10 46 17 3 19 8 6 8 12 10 9 4 0 0 0 1
1488929062 30 59 99 55 10 46 17 3 19 8 6 9 12 10 9 4 0 0 0 1
1488930200 30 59 99 55 10 46 17 3 19 9 6 10 12 10 9 4 0 0 0 1
1488932487 30 59 99 55 10 46 17 4 19 9 6 10 12 10 9 4 0 0 0 1
1489006867 30 60 99 55 10 46 17 4 19 9 6 10 12 10 9 4 0 0 0 1
1489011479 30 60 99 55 11 46 17 4 19 9 6 10 12 10 9 4 0 0 0 1
1489012029 30 60 99 55 12 46 17 4 19 9 6 10 12 10 9 4 0 0 0 1
1489019002 30 60 99 55 13 46 17 4 19 9 6 10 12 10 9 4 0 0 0 1
1489019077 30 60 99 55 14 46 17 4 19 9 6 10 12 10 9 4 0 0 0 1
1489091351 31 60 99 55 14 46 17 4 19 9 6 10 12 10 9 4 0 0 0 1
1489100150 31 60 99 55 14 46 17 4 19 9 6 11 12 10 9 4 0 0 0 1
1489100576 31 60 99 55 14 46 18 4 19 9 6 11 12 10 9 4 0 0 0 1
1489103620 31 60 99 55 14 46 18 4 19 9 6 12 12 10 9 4 0 0 0 1
1489105222 31 61 99 55 14 46 18 4 19 9 6 12 12 10 9 4 0 0 0 1
1489105303 31 62 99 55 14 46 18 4 19 9 6 12 12 10 9 4 0 0 0 1
1489105499 32 62 99 55 14 46 18 4 19 9 6 12 12 10 9 4 0 0 0 1
1489105547 33 62 99 55 14 46 18 4 19 9 6 12 12 10 9 4 0 0 0 1
1489105553 34 62 99 55 14 46 18 4 19 9 6 12 12 10 9 4 0 0 0 1
1489107183 34 63 99 55 14 46 18 4 19 9 6 12 12 10 9 4 0 0 0 1
1489528359 34 63 99 55 15 46 18 4 19 9 6 12 12 10 9 4 0 0 0 1
1489528543 35 63 99 55 15 46 18 4 19 9 6 12 12 10 9 4 0 0 0 1
1489528863 35 63 99 55 16 46 18 4 19 9 6 12 12 10 9 4 0 0 0 1
1489529099 35 63 99 55 17 46 18 4 19 9 6 12 12 10 9 4 0 0 0 1
1489529168 35 63 99 55 18 46 18 4 19 9 6 12 12 10 9 4 0 0 0 1
1489529513 35 63 99 55 19 46 18 4 19 9 6 12 12 10 9 4 0 0 0 1
1489530549 36 63 99 55 19 46 18 4 19 9 6 12 12 10 9 4 0 0 0 1
1489530969 37 63 99 55 19 46 18 4 19 9 6 12 12 10 9 4 0 0 0 1
1489533982 37 63 99 55 20 46 18 4 19 9 6 12 12 10 9 4 0 0 0 1
1489534135 37 63 99 55 21 46 18 4 19 9 6 12 12 10 9 4 0 0 0 1
1489640529 37 63 99 55 22 46 18 4 19 9 6 12 12 10 9 4 0 0 0 1
1489703484 37 63 99 55 22 46 19 4 19 9 6 12 12 10 9 4 0 0 0 1
1489703684 37 63 99 55 22 46 20 4 19 9 6 12 12 10 9 4 0 0 0 1
1489703685 37 63 99 55 22 46 21 4 19 9 6 12 12 10 9 4 0 0 0 1
1489873225 37 64 99 55 22 46 21 4 19 9 6 12 12 10 9 4 0 0 0 1
1489876558 37 65 99 55 22 46 21 4 19 9 6 12 12 10 9 4 0 0 0 1
1489881884 37 66 99 55 22 46 21 4 19 9 6 12 12 10 9 4 0 0 0 1
1489886415 37 67 99 55 22 46 21 4 19 9 6 12 12 10 9 4 0 0 0 1
1489900898 37 68 99 55 22 46 21 4 19 9 6 12 12 10 9 4 0 0 0 1
1489903376 37 69 99 55 22 46 21 4 19 9 6 12 12 10 9 4 0 0 0 1
1490041845 37 70 99 55 22 46 21 4 19 9 6 12 12 10 9 4 0 0 0 1
1490072589 38 70 99 55 22 46 21 4 19 9 6 12 12 10 9 4 0 0 0 1
1490127182 38 70 99 55 22 46 21 4 19 10 6 12 12 10 9 4 0 0 0 1
1490131971 38 70 99 55 22 46 21 4 19 11 6 12 12 10 9 4 0 0 0 1
1490132218 39 70 99 55 22 46 21 4 19 11 6 12 12 10 9 4 0 0 0 1
1490132240 40 70 99 55 22 46 21 4 19 11 6 12 12 10 9 4 0 0 0 1
1490138753 41 70 99 55 22 46 21 4 19 11 6 12 12 10 9 4 0 0 0 1
1490215121 41 71 99 55 22 46 21 4 19 11 6 12 12 10 9 4 0 0 0 1
1490215424 41 72 99 55 22 46 21 4 19 11 6 12 12 10 9 4 0 0 0 1
1490216845 41 73 99 55 22 46 21 4 19 11 6 12 12 10 9 4 0 0 0 1
1490218622 41 74 99 55 22 46 21 4 19 11 6 12 12 10 9 4 0 0 0 1
1490220616 41 75 99 55 22 46 21 4 19 11 6 12 12 10 9 4 0 0 0 1
1490302521 41 75 99 55 22 46 21 4 19 12 6 12 12 10 9 4 0 0 0 1
1490307339 41 75 99 55 22 46 21 4 19 12 6 12 12 10 10 4 0 0 0 1
1490308261 41 76 99 55 22 46 21 4 19 12 6 12 12 10 10 4 0 0 0 1
1490309443 42 76 99 55 22 46 21 4 19 12 6 12 12 10 10 4 0 0 0 1
1490310502 43 76 99 55 22 46 21 4 19 12 6 12 12 10 10 4 0 0 0 1
1490310632 43 76 99 55 22 46 21 4 19 12 6 12 12 10 10 5 0 0 0 1
1490310853 44 76 99 55 22 46 21 4 19 12 6 12 12 10 10 5 0 0 0 1
1490311409 45 76 99 55 22 46 21 4 19 12 6 12 12 10 10 5 0 0 0 1
1490325583 45 76 99 55 22 46 21 5 19 12 6 12 12 10 10 5 0 0 0 1
1490508589 45 77 99 55 22 46 21 5 19 12 6 12 12 10 10 5 0 0 0 1
1490510078 45 78 99 55 22 46 21 5 19 12 6 12 12 10 10 5 0 0 0 1
1490510162 45 79 99 55 22 46 21 5 19 12 6 12 12 10 10 5 0 0 0 1
1490522146 45 79 99 55 22 46 21 5 19 12 7 12 12 10 10 5 0 0 0 1
1490557273 45 80 99 55 22 46 21 5 19 12 7 12 12 10 10 5 0 0 0 1
1490557672 45 81 99 55 22 46 21 5 19 12 7 12 12 10 10 5 0 0 0 1
1490562615 46 81 99 55 22 46 21 5 19 12 7 12 12 10 10 5 0 0 0 1
1490563536 46 82 99 55 22 46 21 5 19 12 7 12 12 10 10 5 0 0 0 1
1490576217 46 83 99 55 22 46 21 5 19 12 7 12 12 10 10 5 0 0 0 1
1490576252 46 84 99 55 22 46 21 5 19 12 7 12 12 10 10 5 0 0 0 1
1490576653 46 85 99 55 22 46 21 5 19 12 7 12 12 10 10 5 0 0 0 1
1490577023 46 86 99 55 22 46 21 5 19 12 7 12 12 10 10 5 0 0 0 1
1490581144 46 87 99 55 22 46 21 5 19 12 7 12 12 10 10 5 0 0 0 1
1490598328 46 87 99 55 23 46 21 5 19 12 7 12 12 10 10 5 0 0 0 1
1490682369 46 87 99 55 23 46 21 5 19 12 8 12 12 10 10 5 0 0 0 1
1490686377 46 87 99 55 23 46 21 5 19 12 9 12 12 10 10 5 0 0 0 1
1490734138 46 87 99 55 23 46 21 5 19 13 9 12 12 10 10 5 0 0 0 1
1490735647 46 87 99 55 23 46 21 5 19 13 9 12 12 10 10 6 0 0 0 1
1490735663 46 88 99 55 23 46 21 5 19 13 9 12 12 10 10 6 0 0 0 1
1490737341 46 88 99 55 23 46 21 5 19 14 9 12 12 10 10 6 0 0 0 1
1490737661 46 88 99 55 23 46 21 5 19 14 9 12 12 10 10 7 0 0 0 1
1490738661 47 88 99 55 23 46 21 5 19 14 9 12 12 10 10 7 0 0 0 1
1490741164 47 88 99 55 23 46 22 5 19 14 9 12 12 10 10 7 0 0 0 1
1490741204 47 88 99 55 23 46 23 5 19 14 9 12 12 10 10 7 0 0 0 1
1490741217 47 88 99 55 23 46 24 5 19 14 9 12 12 10 10 7 0 0 0 1
1490818776 47 88 99 55 23 46 24 5 19 14 9 12 12 10 10 7 0 0 1 1
1490819851 47 88 99 55 23 46 24 5 19 14 9 12 12 10 10 7 0 0 2 1
1490823951 47 88 99 55 23 46 24 5 19 14 9 12 12 10 10 7 0 0 3 1
1490866136 47 88 99 55 23 46 24 5 19 14 10 12 12 10 10 7 0 0 3 1
1490873964 47 88 99 55 23 46 24 5 19 14 11 12 12 10 10 7 0 0 3 1
1490898295 47 88 99 55 24 46 24 5 19 14 11 12 12 10 10 7 0 0 3 1
1490911933 48 88 99 55 24 46 24 5 19 14 11 12 12 10 10 7 0 0 3 1
1490915108 48 88 99 55 24 46 24 5 19 15 11 12 12 10 10 7 0 0 3 1
1490915929 48 88 99 55 24 46 24 6 19 15 11 12 12 10 10 7 0 0 3 1
1490916367 49 88 99 55 24 46 24 6 19 15 11 12 12 10 10 7 0 0 3 1
1490917349 49 88 99 55 25 46 24 6 19 15 11 12 12 10 10 7 0 0 3 1
1491099677 50 88 99 55 25 46 24 6 19 15 11 12 12 10 10 7 0 0 3 1
1491168443 50 88 99 55 25 46 24 6 19 15 11 12 12 10 10 7 1 0 3 1
1491171881 50 88 99 55 25 46 24 6 19 15 11 12 12 10 10 7 2 0 3 1
1491185397 50 88 99 55 25 46 24 6 19 15 11 12 12 10 10 7 3 0 3 1
1491340435 50 88 99 55 25 46 25 6 19 15 11 12 12 10 10 7 3 0 3 1
1491340500 50 88 99 55 25 46 26 6 19 15 11 12 12 10 10 7 3 0 3 1
1491340538 50 88 99 55 25 46 27 6 19 15 11 12 12 10 10 7 3 0 3 1
1491341294 50 88 99 55 26 46 27 6 19 15 11 12 12 10 10 7 3 0 3 1
1491344575 50 88 99 55 26 46 27 6 19 15 11 13 12 10 10 7 3 0 3 1
1491346986 50 88 99 55 27 46 27 6 19 15 11 13 12 10 10 7 3 0 3 1
1491348565 50 88 99 55 27 46 27 7 19 15 11 13 12 10 10 7 3 0 3 1
1491423688 50 88 99 55 27 46 27 7 19 15 11 13 12 10 10 7 4 0 3 1
1491425021 50 88 99 55 27 46 27 7 19 15 11 13 12 10 10 7 5 0 3 1
1491426513 50 88 99 55 27 46 27 7 19 15 11 13 12 10 10 7 6 0 3 1
1491427790 50 88 99 55 27 46 27 7 19 15 11 13 12 10 10 7 7 0 3 1
1491511938 50 88 99 55 27 46 27 7 19 15 11 13 12 10 10 8 7 0 3 1
1491514071 50 89 99 55 27 46 27 7 19 15 11 13 12 10 10 8 7 0 3 1
1491514256 50 89 99 55 27 46 27 7 19 16 11 13 12 10 10 8 7 0 3 1
1491514337 50 90 99 55 27 46 27 7 19 16 11 13 12 10 10 8 7 0 3 1
1491514532 50 91 99 55 27 46 27 7 19 16 11 13 12 10 10 8 7 0 3 1
1491514556 50 91 99 55 28 46 27 7 19 16 11 13 12 10 10 8 7 0 3 1
1491514644 50 92 99 55 28 46 27 7 19 16 11 13 12 10 10 8 7 0 3 1
1491514865 50 93 99 55 28 46 27 7 19 16 11 13 12 10 10 8 7 0 3 1
1491515105 50 93 99 55 28 46 27 7 19 16 11 14 12 10 10 8 7 0 3 1
1491515376 50 93 99 55 29 46 27 7 19 16 11 14 12 10 10 8 7 0 3 1
1491516599 51 93 99 55 29 46 27 7 19 16 11 14 12 10 10 8 7 0 3 1
1491516769 51 93 99 55 30 46 27 7 19 16 11 14 12 10 10 8 7 0 3 1
1491517195 51 94 99 55 30 46 27 7 19 16 11 14 12 10 10 8 7 0 3 1
1491517899 51 94 99 55 31 46 27 7 19 16 11 14 12 10 10 8 7 0 3 1
1491519442 51 94 99 55 31 46 27 7 19 17 11 14 12 10 10 8 7 0 3 1
1491519758 51 95 99 55 31 46 27 7 19 17 11 14 12 10 10 8 7 0 3 1
1491520178 51 96 99 55 31 46 27 7 19 17 11 14 12 10 10 8 7 0 3 1
1491525012 52 96 99 55 31 46 27 7 19 17 11 14 12 10 10 8 7 0 3 1
1491800720 52 96 99 55 32 46 27 7 19 17 11 14 12 10 10 8 7 0 3 1
1491897346 53 96 99 55 32 46 27 7 19 17 11 14 12 10 10 8 7 0 3 1
1491944450 53 96 99 55 32 46 27 7 19 17 11 15 12 10 10 8 7 0 3 1
1491946256 53 97 99 55 32 46 27 7 19 17 11 15 12 10 10 8 7 0 3 1
1491954889 54 97 99 55 32 46 27 7 19 17 11 15 12 10 10 8 7 0 3 1
1491979683 54 98 99 55 32 46 27 7 19 17 11 15 12 10 10 8 7 0 3 1
1492040968 54 99 99 55 32 46 27 7 19 17 11 15 12 10 10 8 7 0 3 1
1492076604 56 99 99 55 32 46 27 7 19 17 11 15 12 10 10 8 7 0 3 1
1492111217 56 99 99 55 32 46 27 7 19 17 11 15 12 10 10 8 7 1 3 1
1492114040 56 99 99 55 33 46 27 7 19 17 11 15 12 10 10 8 7 1 3 1
1492116457 56 100 99 55 33 46 27 7 19 17 11 15 12 10 10 8 7 1 3 1
1492119400 56 100 99 55 33 46 27 7 19 17 11 16 12 10 10 8 7 1 3 1
1492119834 57 100 99 55 33 46 27 7 19 17 11 16 12 10 10 8 7 1 3 1
1492120222 57 100 99 55 33 46 27 7 19 17 11 17 12 10 10 8 7 1 3 1
1492120891 57 101 99 55 33 46 27 7 19 17 11 17 12 10 10 8 7 1 3 1
1492121980 57 101 99 55 33 46 28 7 19 17 11 17 12 10 10 8 7 1 3 1
1492123772 57 101 99 55 33 46 28 7 19 17 11 17 12 10 10 8 7 2 3 1
1492128104 57 101 99 55 34 46 28 7 19 17 11 17 12 10 10 8 7 2 3 1
1492130645 57 101 99 55 34 46 28 8 19 17 11 17 12 10 10 8 7 2 3 1
1492130930 57 101 99 55 35 46 28 8 19 17 11 17 12 10 10 8 7 2 3 1
1492151702 57 101 99 55 35 46 28 8 19 17 12 17 12 10 10 8 7 2 3 1
1492225429 57 102 99 55 35 46 28 8 19 17 12 17 12 10 10 8 7 2 3 1
1492226009 57 103 99 55 35 46 28 8 19 17 12 17 12 10 10 8 7 2 3 1
1492232808 57 104 99 55 35 46 28 8 19 17 12 17 12 10 10 8 7 2 3 1
1492347978 58 104 99 55 35 46 28 8 19 17 12 17 12 10 10 8 7 2 3 1
1492402494 58 104 99 55 36 46 28 8 19 17 12 17 12 10 10 8 7 2 3 1
1492413797 58 104 99 55 37 46 28 8 19 17 12 17 12 10 10 8 7 2 3 1
1492548290 58 105 99 55 37 46 28 8 19 17 12 17 12 10 10 8 7 2 3 1
1492558622 58 105 99 55 37 46 28 9 19 17 12 17 12 10 10 8 7 2 3 1
1492559684 58 105 99 55 37 46 28 9 19 17 12 17 12 10 10 8 8 2 3 1
1492559836 58 105 99 55 37 46 28 9 19 17 12 17 12 10 10 8 9 2 3 1
1492602431 58 105 99 55 37 46 28 9 19 17 13 17 12 10 10 8 9 2 3 1
1492634978 58 106 99 55 37 46 28 9 19 17 13 17 12 10 10 8 9 2 3 1
1492635072 58 107 99 55 37 46 28 9 19 17 13 17 12 10 10 8 9 2 3 1
1492635578 58 108 99 55 37 46 28 9 19 17 13 17 12 10 10 8 9 2 3 1
1492636160 58 109 99 55 37 46 28 9 19 17 13 17 12 10 10 8 9 2 3 1
1492643360 58 109 99 55 37 46 28 9 19 17 13 17 12 10 10 8 9 3 3 1
1492664612 58 109 99 55 37 46 28 9 19 17 13 17 12 10 10 8 9 4 3 1
1492684237 58 109 99 55 37 46 28 9 19 17 14 17 12 10 10 8 9 4 3 1
1492718175 58 110 99 55 37 46 28 9 19 17 14 17 12 10 10 8 9 4 3 1
1492718190 58 111 99 55 37 46 28 9 19 17 14 17 12 10 10 8 9 4 3 1
1492721797 58 112 99 55 37 46 28 9 19 17 14 17 12 10 10 8 9 4 3 1
1492724191 58 112 99 55 37 46 28 10 19 17 14 17 12 10 10 8 9 4 3 1
1492724242 58 112 99 55 38 46 28 10 19 17 14 17 12 10 10 8 9 4 3 1
1492726014 59 112 99 55 38 46 28 10 19 17 14 17 12 10 10 8 9 4 3 1
1492726466 59 112 99 55 38 46 28 11 19 17 14 17 12 10 10 8 9 4 3 1
1492727569 60 112 99 55 38 46 28 11 19 17 14 17 12 10 10 8 9 4 3 1
1492729857 61 112 99 55 38 46 28 11 19 17 14 17 12 10 10 8 9 4 3 1
1492730862 61 112 99 55 38 46 28 12 19 17 14 17 12 10 10 8 9 4 3 1
1492733726 62 112 99 55 38 46 28 12 19 17 14 17 12 10 10 8 9 4 3 1
1492734751 62 112 99 55 38 46 28 13 19 17 14 17 12 10 10 8 9 4 3 1
1492735703 63 112 99 55 38 46 28 13 19 17 14 17 12 10 10 8 9 4 3 1
1492735983 64 112 99 55 38 46 28 13 19 17 14 17 12 10 10 8 9 4 3 1
1492736552 65 112 99 55 38 46 28 13 19 17 14 17 12 10 10 8 9 4 3 1
1492738032 66 112 99 55 38 46 28 13 19 17 14 17 12 10 10 8 9 4 3 1
1492834406 67 112 99 55 38 46 28 13 19 17 14 17 12 10 10 8 9 4 3 1
1492834733 68 112 99 55 38 46 28 13 19 17 14 17 12 10 10 8 9 4 3 1
1492938362 69 112 99 55 38 46 28 13 19 17 14 17 12 10 10 8 9 4 3 1
1492939819 70 112 99 55 38 46 28 13 19 17 14 17 12 10 10 8 9 4 3 1
1492940532 71 112 99 55 38 46 28 13 19 17 14 17 12 10 10 8 9 4 3 1
1492940766 72 112 99 55 38 46 28 13 19 17 14 17 12 10 10 8 9 4 3 1
1492984621 72 112 99 55 39 46 28 13 19 17 14 17 12 10 10 8 9 4 3 1
1492994896 72 112 99 55 40 46 28 13 19 17 14 17 12 10 10 8 9 4 3 1
1493003249 72 112 99 55 41 46 28 13 19 17 14 17 12 10 10 8 9 4 3 1
1493011726 72 112 99 55 42 46 28 13 19 17 14 17 12 10 10 8 9 4 3 1
1493013197 72 112 99 55 43 46 28 13 19 17 14 17 12 10 10 8 9 4 3 1
1493013222 72 112 99 55 44 46 28 13 19 17 14 17 12 10 10 8 9 4 3 1
1493019319 72 112 99 55 45 46 28 13 19 17 14 17 12 10 10 8 9 4 3 1
1493050822 73 112 99 55 45 46 28 13 19 17 14 17 12 10 10 8 9 4 3 1
1493051227 74 112 99 55 45 46 28 13 19 17 14 17 12 10 10 8 9 4 3 1
1493054356 75 112 99 55 45 46 28 13 19 17 14 17 12 10 10 8 9 4 3 1
1493152908 75 112 99 55 45 46 28 13 19 18 14 17 12 10 10 8 9 4 3 1
1493156215 75 112 99 55 45 46 28 13 19 18 14 17 12 10 10 9 9 4 3 1
1493158110 76 112 99 55 45 46 28 13 19 18 14 17 12 10 10 9 9 4 3 1
1493158571 77 112 99 55 45 46 28 13 19 18 14 17 12 10 10 9 9 4 3 1
1493159065 78 112 99 55 45 46 28 13 19 18 14 17 12 10 10 9 9 4 3 1
1493160815 79 112 99 55 45 46 28 13 19 18 14 17 12 10 10 9 9 4 3 1
1493160851 80 112 99 55 45 46 28 13 19 18 14 17 12 10 10 9 9 4 3 1
1493254201 80 112 99 55 45 46 28 13 19 18 14 17 12 10 10 9 9 5 3 1
1493270733 81 112 99 55 45 46 28 13 19 18 14 17 12 10 10 9 9 5 3 1
1493271367 82 112 99 55 45 46 28 13 19 18 14 17 12 10 10 9 9 5 3 1
1493284041 83 112 99 55 45 46 28 13 19 18 14 17 12 10 10 9 9 5 3 1
1493290135 84 112 99 55 45 46 28 13 19 18 14 17 12 10 10 9 9 5 3 1
1493290181 85 112 99 55 45 46 28 13 19 18 14 17 12 10 10 9 9 5 3 1
1493290216 86 112 99 55 45 46 28 13 19 18 14 17 12 10 10 9 9 5 3 1
1493290238 87 112 99 55 45 46 28 13 19 18 14 17 12 10 10 9 9 5 3 1
1493290462 88 112 99 55 45 46 28 13 19 18 14 17 12 10 10 9 9 5 3 1
1493297612 88 112 99 55 45 46 28 13 19 18 15 17 12 10 10 9 9 5 3 1
1493313648 88 112 99 55 45 46 28 13 19 18 15 17 12 10 10 9 9 6 3 1
1493325436 88 112 99 55 45 46 28 14 19 18 15 17 12 10 10 9 9 6 3 1
1493326279 88 112 99 55 45 46 28 15 19 18 15 17 12 10 10 9 9 6 3 1
1493326818 88 112 99 55 45 46 28 15 19 18 15 17 12 10 10 9 9 7 3 1
1493327020 88 112 99 55 45 46 28 16 19 18 15 17 12 10 10 9 9 7 3 1
1493328938 88 112 99 55 46 46 28 16 19 18 15 17 12 10 10 9 9 7 3 1
1493328990 88 112 99 55 47 46 28 16 19 18 15 17 12 10 10 9 9 7 3 1
1493329246 88 112 99 55 48 46 28 16 19 18 15 17 12 10 10 9 9 7 3 1
1493330216 88 112 99 55 48 46 28 16 19 18 15 17 12 10 10 9 9 8 3 1
1493332559 88 112 99 55 48 46 28 17 19 18 15 17 12 10 10 9 9 8 3 1
1493333043 88 113 99 55 48 46 28 17 19 18 15 17 12 10 10 9 9 8 3 1
1493333585 88 113 99 55 49 46 28 17 19 18 15 17 12 10 10 9 9 8 3 1
1493333650 88 113 99 55 50 46 28 17 19 18 15 17 12 10 10 9 9 8 3 1
1493333709 89 113 99 55 50 46 28 17 19 18 15 17 12 10 10 9 9 8 3 1
1493333952 89 113 99 55 51 46 28 17 19 18 15 17 12 10 10 9 9 8 3 1
1493335259 89 113 99 55 51 46 28 18 19 18 15 17 12 10 10 9 9 8 3 1
1493335262 90 113 99 55 51 46 28 18 19 18 15 17 12 10 10 9 9 8 3 1
1493335531 91 113 99 55 51 46 28 18 19 18 15 17 12 10 10 9 9 8 3 1
1493336638 92 113 99 55 51 46 28 18 19 18 15 17 12 10 10 9 9 8 3 1
1493339543 93 113 99 55 51 46 28 18 19 18 15 17 12 10 10 9 9 8 3 1
1493341914 93 113 99 55 51 46 28 19 19 18 15 17 12 10 10 9 9 8 3 1
1493343028 93 113 99 55 51 46 28 20 19 18 15 17 12 10 10 9 9 8 3 1
1493344251 94 113 99 55 51 46 28 20 19 18 15 17 12 10 10 9 9 8 3 1
1493345750 95 113 99 55 51 46 28 20 19 18 15 17 12 10 10 9 9 8 3 1
1493348972 95 113 99 55 52 46 28 20 19 18 15 17 12 10 10 9 9 8 3 1
1493349353 96 113 99 55 52 46 28 20 19 18 15 17 12 10 10 9 9 8 3 1
1493349411 96 113 99 55 53 46 28 20 19 18 15 17 12 10 10 9 9 8 3 1
1493349549 96 113 99 55 54 46 28 20 19 18 15 17 12 10 10 9 9 8 3 1
1493407492 96 113 99 55 54 46 29 20 19 18 15 17 12 10 10 9 9 8 3 1
1493407552 96 113 99 55 54 46 30 20 19 18 15 17 12 10 10 9 9 8 3 1
1493407554 96 113 99 55 54 46 31 20 19 18 15 17 12 10 10 9 9 8 3 1
1493506466 97 113 99 55 54 46 31 20 19 18 15 17 12 10 10 9 9 8 3 1
1493507442 99 113 99 55 54 46 31 20 19 18 15 17 12 10 10 9 9 8 3 1
1493517738 100 113 99 55 54 46 31 20 19 18 15 17 12 10 10 9 9 8 3 1
1493523679 101 113 99 55 54 46 31 20 19 18 15 17 12 10 10 9 9 8 3 1
1493524527 102 113 99 55 54 46 31 20 19 18 15 17 12 10 10 9 9 8 3 1
1493524756 103 113 99 55 54 46 31 20 19 18 15 17 12 10 10 9 9 8 3 1
1493524800 104 113 99 55 54 46 31 20 19 18 15 17 12 10 10 9 9 8 3 1
1493524862 105 113 99 55 54 46 31 20 19 18 15 17 12 10 10 9 9 8 3 1
1493525229 106 113 99 55 54 46 31 20 19 18 15 17 12 10 10 9 9 8 3 1
1493526338 107 113 99 55 54 46 31 20 19 18 15 17 12 10 10 9 9 8 3 1
1493526362 108 113 99 55 54 46 31 20 19 18 15 17 12 10 10 9 9 8 3 1
1493526472 109 113 99 55 54 46 31 20 19 18 15 17 12 10 10 9 9 8 3 1
1493526861 110 113 99 55 54 46 31 20 19 18 15 17 12 10 10 9 9 8 3 1
1493526913 111 113 99 55 54 46 31 20 19 18 15 17 12 10 10 9 9 8 3 1
1493527039 112 113 99 55 54 46 31 20 19 18 15 17 12 10 10 9 9 8 3 1
1493529724 113 113 99 55 54 46 31 20 19 18 15 17 12 10 10 9 9 8 3 1
1493530139 114 113 99 55 54 46 31 20 19 18 15 17 12 10 10 9 9 8 3 1
1493530236 115 113 99 55 54 46 31 20 19 18 15 17 12 10 10 9 9 8 3 1
1493530590 116 113 99 55 54 46 31 20 19 18 15 17 12 10 10 9 9 8 3 1
1493530801 117 113 99 55 54 46 31 20 19 18 15 17 12 10 10 9 9 8 3 1
1493542922 117 113 99 55 54 46 31 20 19 18 16 17 12 10 10 9 9 8 3 1
1493544612 117 113 99 55 54 46 31 20 19 18 17 17 12 10 10 9 9 8 3 1
1493544882 118 113 99 55 54 46 31 20 19 18 17 17 12 10 10 9 9 8 3 1
1493545747 119 113 99 55 54 46 31 20 19 18 17 17 12 10 10 9 9 8 3 1
1493576699 120 113 99 55 54 46 31 20 19 18 17 17 12 10 10 9 9 8 3 1
1493583840 121 113 99 55 54 46 31 20 19 18 17 17 12 10 10 9 9 8 3 1
1493588787 122 113 99 55 54 46 31 20 19 18 17 17 12 10 10 9 9 8 3 1
1493605325 123 113 99 55 54 46 31 20 19 18 17 17 12 10 10 9 9 8 3 1
1493606139 124 113 99 55 54 46 31 20 19 18 17 17 12 10 10 9 9 8 3 1
1493616885 125 113 99 55 54 46 31 20 19 18 17 17 12 10 10 9 9 8 3 1
1493628256 126 113 99 55 54 46 31 20 19 18 17 17 12 10 10 9 9 8 3 1
1493632643 127 113 99 55 54 46 31 20 19 18 17 17 12 10 10 9 9 8 3 1
1493632727 128 113 99 55 54 46 31 20 19 18 17 17 12 10 10 9 9 8 3 1
1493633922 129 113 99 55 54 46 31 20 19 18 17 17 12 10 10 9 9 8 3 1
