1473092291 0 0 0 0 0 0 1 0 0 0 0 0 0 0 0 0 0 0 0 0
1475011907 0 0 0 0 0 12583 1 0 0 0 0 0 0 0 0 0 0 0 0 0
1475017051 0 0 0 0 0 12602 1 0 0 0 0 0 0 0 0 0 0 0 0 0
1475173503 0 0 0 0 0 12775 1 0 0 0 0 0 0 0 0 0 0 0 0 0
1475182136 0 0 0 0 0 12835 1 0 0 0 0 0 0 0 0 0 0 0 0 0
1475182185 0 0 0 0 0 12835 1 0 0 0 0 0 194 0 0 0 0 0 0 0
1475182324 0 0 0 0 0 12835 1 0 0 0 0 0 194 0 0 0 0 0 0 0
1475183959 0 0 0 0 0 12835 1 0 0 0 0 0 283 0 0 0 0 0 0 0
1475184543 0 0 0 8 0 12835 1 0 0 0 0 0 283 0 0 0 0 0 0 0
1475190057 0 0 0 8 0 12835 1 0 0 0 0 0 416 0 0 0 0 0 0 0
1475190281 0 0 0 52 0 12835 1 0 0 0 0 0 416 0 0 0 0 0 0 0
1475190323 0 0 0 52 0 12848 1 0 0 0 0 0 416 0 0 0 0 0 0 0
1475190404 0 0 0 52 0 12848 1 0 0 0 0 0 416 0 0 0 0 0 0 0
1475192168 0 0 165 52 0 12848 1 0 0 0 0 0 416 0 0 0 0 0 0 0
1475192317 0 0 165 52 0 12848 1 0 0 0 0 0 416 0 0 0 0 0 0 0
1475430904 0 0 165 52 0 13152 1 0 0 0 0 0 416 0 0 0 0 0 0 0
1475463670 0 0 165 52 0 13152 1 0 90 0 0 0 416 0 0 0 0 0 0 0
1475612671 0 0 165 52 0 13158 1 0 90 0 0 0 416 0 0 0 0 0 0 0
1475614129 0 0 165 52 0 13158 1 0 90 0 0 0 416 0 0 0 0 0 0 0
1475614641 0 0 165 52 0 13158 1 0 90 0 0 0 416 0 0 0 0 0 0 0
1475622911 0 0 165 52 0 13280 1 0 90 0 0 0 416 0 0 0 0 0 0 0
1475623001 0 0 165 52 0 13280 1 0 90 0 0 0 416 0 0 0 0 0 0 0
1475623003 0 0 165 110 0 13280 1 0 90 0 0 0 416 0 0 0 0 0 0 0
1475792608 0 0 165 136 0 13280 1 0 90 0 0 0 416 0 0 0 0 0 0 0
1475794904 0 0 165 147 0 13280 1 0 90 0 0 0 416 0 0 0 0 0 0 0
1475795289 0 0 165 147 0 13393 1 0 90 0 0 0 416 0 0 0 0 0 0 0
1475795630 0 0 483 147 0 13393 1 0 90 0 0 0 416 0 0 0 0 0 0 0
1475795636 0 0 483 147 0 13393 1 0 90 0 0 0 416 0 0 0 0 0 0 0
1475795954 0 0 483 147 0 13393 1 0 90 0 0 0 416 0 0 0 0 0 0 0
1475796435 0 0 689 147 0 13393 1 0 90 0 0 0 416 0 0 0 0 0 0 0
1475796527 0 0 689 147 0 13393 1 0 90 0 0 0 416 0 0 0 0 0 0 0
1475964647 0 0 689 147 0 13393 1 0 90 0 0 0 940 0 0 0 0 0 0 0
1476044217 0 0 689 147 0 13393 1 0 90 0 0 0 1108 0 0 0 0 0 0 0
1476078997 0 0 689 214 0 13393 1 0 90 0 0 0 1108 0 0 0 0 0 0 0
1476079135 0 0 689 214 0 13393 1 0 90 0 0 0 1108 0 0 0 0 0 0 0
1476209771 0 0 689 214 0 13583 1 0 90 0 0 0 1108 0 0 0 0 0 0 0
1476214954 0 0 689 214 0 13583 1 0 90 0 0 0 1213 0 0 0 0 0 0 0
1476215018 0 0 689 214 0 13583 1 0 90 0 0 0 1213 0 0 0 0 0 0 0
1476215130 0 0 689 214 0 13583 1 0 90 0 0 0 1213 0 0 0 0 0 0 0
1476219283 0 0 689 214 0 13621 1 0 90 0 0 0 1213 0 0 0 0 0 0 0
1476221820 0 0 857 214 0 13621 1 0 90 0 0 0 1213 0 0 0 0 0 0 0
1476222319 0 0 931 214 0 13621 1 0 90 0 0 0 1213 0 0 0 0 0 0 0
1476225062 0 0 949 214 0 13621 1 0 90 0 0 0 1213 0 0 0 0 0 0 0
1476226794 0 0 949 317 0 13621 1 0 90 0 0 0 1213 0 0 0 0 0 0 0
1476385579 0 0 949 317 0 13888 1 0 90 0 0 0 1213 0 0 0 0 0 0 0
1476392387 0 0 966 317 0 13888 1 0 90 0 0 0 1213 0 0 0 0 0 0 0
1476392431 0 0 966 317 0 13888 1 0 90 0 0 0 1213 0 0 0 0 0 0 0
1476392513 0 0 1147 317 0 13888 1 0 90 0 0 0 1213 0 0 0 0 0 0 0
1476392586 0 0 1147 317 0 13888 1 0 90 0 0 0 1213 0 0 0 0 0 0 0
1476392828 0 0 1147 317 0 13888 1 0 90 0 0 0 1213 0 0 0 0 0 0 0
1476395099 0 0 1147 317 0 13888 1 0 90 0 0 0 1213 0 0 0 0 0 0 0
1476398131 0 0 1147 317 0 13888 1 0 90 0 0 0 1317 0 0 0 0 0 0 0
1476398802 0 0 1147 317 0 13888 1 0 90 0 0 0 1326 0 0 0 0 0 0 0
1476399766 0 0 1147 317 0 13888 1 0 90 0 0 0 1326 0 0 0 0 0 0 0
1476821379 0 0 1147 317 0 14146 1 0 90 0 0 0 1326 0 0 0 0 0 0 0
1476824086 0 0 1147 317 0 14146 1 0 90 0 0 0 1326 0 0 0 0 0 0 0
1476824131 0 0 1147 317 0 14146 1 0 90 0 0 0 1326 0 0 0 0 0 0 0
1476826807 0 0 1321 317 0 14146 1 0 90 0 0 0 1326 0 0 0 0 0 0 0
1476831073 0 0 1321 402 0 14146 1 0 90 0 0 0 1326 0 0 0 0 0 0 0
1476991453 0 0 1321 402 0 14351 1 0 90 0 0 0 1326 0 0 0 0 0 0 0
1476997433 0 0 1321 402 0 14351 1 0 90 0 0 0 1326 0 0 0 0 0 0 0
1476997846 0 181 1321 402 0 14351 1 0 90 0 0 0 1326 0 0 0 0 0 0 0
1476998022 0 181 1321 402 0 14351 1 0 90 0 0 0 1326 0 0 0 0 0 0 0
1476998350 0 181 1321 402 0 14351 1 0 90 0 0 0 1326 0 0 0 0 0 0 0
1476999169 0 181 1344 402 0 14351 1 0 90 0 0 0 1326 0 0 0 0 0 0 0
1476999219 0 181 1344 402 0 14353 1 0 90 0 0 0 1326 0 0 0 0 0 0 0
1476999243 0 181 1344 402 0 14353 1 0 90 0 0 0 1326 0 0 0 0 0 0 0
1476999255 0 181 1344 402 0 14353 1 0 90 0 0 0 1326 0 0 0 0 0 0 0
1477001038 0 181 1344 426 0 14353 1 0 90 0 0 0 1326 0 0 0 0 0 0 0
1477002380 0 181 1344 519 0 14353 1 0 90 0 0 0 1326 0 0 0 0 0 0 0
1477002659 0 181 1344 519 0 14353 1 0 90 0 0 0 1326 0 0 0 0 0 0 0
1477002686 0 181 1344 519 0 14353 1 0 90 0 0 0 1326 0 0 0 0 0 0 0
1477002801 0 181 1344 519 0 14353 1 0 90 0 0 0 1326 0 0 0 0 0 0 0
1477002954 0 181 1344 527 0 14353 1 0 90 0 0 0 1326 0 0 0 0 0 0 0
1477002993 0 181 1344 527 0 14353 1 0 90 0 0 0 1326 0 0 0 0 0 0 0
1477004394 0 181 1344 578 0 14353 1 0 90 0 0 0 1326 0 0 0 0 0 0 0
1477017772 0 237 1344 578 0 14353 1 0 90 0 0 0 1326 0 0 0 0 0 0 0
1477018013 0 237 1344 578 0 14353 1 0 90 0 0 0 1326 0 0 0 0 0 0 0
1477103780 0 417 1344 578 0 14353 1 0 90 0 0 0 1326 0 0 0 0 0 0 0
1477427653 0 417 1344 578 0 14563 1 0 90 0 0 0 1326 0 0 0 0 0 0 0
1477428449 0 606 1344 578 0 14563 1 0 90 0 0 0 1326 0 0 0 0 0 0 0
1477428560 0 606 1344 578 0 14563 1 0 90 0 0 0 1326 0 0 0 0 0 0 0
1477429779 0 606 1613 578 0 14563 1 0 90 0 0 0 1326 0 0 0 0 0 0 0
1477429809 0 606 1613 578 0 14563 1 0 90 0 0 0 1326 0 0 0 0 0 0 0
1477429857 0 606 1613 578 0 14563 1 0 90 0 0 0 1326 0 0 0 0 0 0 0
1477429979 0 606 1613 578 0 14563 1 0 90 0 0 0 1326 0 0 0 0 0 0 0
1477431345 0 606 1613 584 0 14563 1 0 90 0 0 0 1326 0 0 0 0 0 0 0
1477431388 0 606 1613 584 0 14563 1 0 90 0 0 0 1326 0 0 0 0 0 0 0
1477431452 0 606 1613 584 0 14563 1 0 90 0 0 0 1326 0 0 0 0 0 0 0
1477431739 0 606 1613 584 0 14563 1 0 90 0 0 0 1326 0 0 0 0 0 0 0
1477432438 0 606 1613 584 0 14563 1 0 90 0 0 0 1326 0 0 0 0 0 0 0
1477433487 0 606 1613 586 0 14563 1 0 90 0 0 0 1326 0 0 0 0 0 0 0
1477434192 0 606 1613 586 0 14563 1 0 90 0 0 0 1326 0 0 0 0 0 0 0
1477434226 0 606 1613 586 0 14563 1 0 90 0 0 0 1326 0 0 0 0 0 0 0
1477434429 0 606 1613 587 0 14563 1 0 90 0 0 0 1326 0 0 0 0 0 0 0
1477434455 0 606 1613 587 0 14563 1 0 90 0 0 0 1326 0 0 0 0 0 0 0
1477437123 0 606 2642 587 0 14563 1 0 90 0 0 0 1326 0 0 0 0 0 0 0
1477437347 0 606 2642 616 0 14563 1 0 90 0 0 0 1326 0 0 0 0 0 0 0
1477437640 0 606 2654 616 0 14563 1 0 90 0 0 0 1326 0 0 0 0 0 0 0
1477437661 0 606 2654 616 0 14563 1 0 90 0 0 0 1326 0 0 0 0 0 0 0
1477439382 0 606 2880 616 0 14563 1 0 90 0 0 0 1326 0 0 0 0 0 0 0
1477446337 0 734 2880 616 0 14563 1 0 90 0 0 0 1326 0 0 0 0 0 0 0
1477532484 0 734 2880 616 0 14563 1 0 90 0 0 0 1326 0 0 0 0 0 0 0
1477532831 0 734 2880 616 0 14563 1 0 90 0 0 0 1326 0 0 0 0 0 0 0
1477594659 0 734 2880 616 0 14693 1 0 90 0 0 0 1326 0 0 0 0 0 0 0
1477597836 0 734 2880 616 0 14856 1 0 90 0 0 0 1326 0 0 0 0 0 0 0
1477601353 0 734 2880 616 0 14928 1 0 90 0 0 0 1326 0 0 0 0 0 0 0
1477601656 0 734 2880 616 0 14928 1 0 308 0 0 0 1326 0 0 0 0 0 0 0
1477601881 0 734 2880 616 0 14928 1 0 308 0 0 0 1326 0 0 0 0 0 0 0
1477608309 0 734 2949 616 0 14928 1 0 308 0 0 0 1326 0 0 0 0 0 0 0
1477608360 0 734 2949 616 0 14928 1 0 308 0 0 0 1326 0 0 0 0 0 0 0
1477701327 0 908 2949 616 0 14928 1 0 308 0 0 0 1326 0 0 0 0 0 0 0
1477877463 0 918 2949 616 0 14928 1 0 308 0 0 0 1326 0 0 0 0 0 0 0
1478027852 0 918 2949 616 0 15472 1 0 308 0 0 0 1326 0 0 0 0 0 0 0
1478032789 0 918 2977 616 0 15472 1 0 308 0 0 0 1326 0 0 0 0 0 0 0
1478033343 0 918 2977 616 0 15472 1 0 308 0 0 0 1326 0 0 0 0 0 0 0
1478033377 0 918 2977 616 0 15472 1 0 308 0 0 0 1326 0 0 0 0 0 0 0
1478033534 0 918 2977 616 0 15472 1 0 308 0 0 0 1326 0 0 0 0 0 0 0
1478034674 0 918 2977 616 0 15639 1 0 308 0 0 0 1326 0 0 0 0 0 0 0
1478034693 0 918 2977 616 0 15639 1 0 308 0 0 0 1326 0 0 0 0 0 0 0
1478034713 0 918 2977 616 0 15639 1 0 308 0 0 0 1326 0 0 0 0 0 0 0
1478036594 0 918 2977 616 0 15639 1 0 308 0 0 0 1326 0 0 0 0 0 0 0
1478037640 0 918 2977 637 0 15639 1 0 308 0 0 0 1326 0 0 0 0 0 0 0
1478037952 0 918 2977 637 0 15639 1 0 308 0 0 0 1326 0 0 0 0 0 0 0
1478038130 0 918 2977 637 0 15639 8 0 308 0 0 0 1326 0 0 0 0 0 0 0
1478038338 0 918 2977 637 0 15639 8 0 308 0 0 0 1326 0 0 0 0 0 0 0
1478038462 0 918 2987 637 0 15639 8 0 308 0 0 0 1326 0 0 0 0 0 0 0
1478040209 0 918 2987 637 0 15639 8 0 308 0 0 0 1326 0 0 0 0 0 0 0
1478041261 0 918 2987 637 0 15641 8 0 308 0 0 0 1326 0 0 0 0 0 0 0
1478041419 0 918 2987 637 0 15641 8 0 308 0 0 0 1326 0 0 0 0 0 0 0
1478041436 0 918 2987 637 0 15641 8 0 308 0 0 0 1326 0 0 0 0 0 0 0
1478043101 0 918 3021 637 0 15641 8 0 308 0 0 0 1326 0 0 0 0 0 0 0
1478043222 0 918 3021 637 0 15641 8 0 308 0 0 0 1326 0 0 0 0 0 0 0
1478046335 0 1034 3021 637 0 15641 8 0 308 0 0 0 1326 0 0 0 0 0 0 0
1478046507 0 1109 3021 637 0 15641 8 0 308 0 0 0 1326 0 0 0 0 0 0 0
1478046985 0 1110 3021 637 0 15641 8 0 308 0 0 0 1326 0 0 0 0 0 0 0
1478047069 0 1112 3021 637 0 15641 8 0 308 0 0 0 1326 0 0 0 0 0 0 0
1478047138 0 1112 3021 637 0 15641 8 0 308 0 0 0 1326 0 0 0 0 0 0 0
1478047373 0 1121 3021 637 0 15641 8 0 308 0 0 0 1326 0 0 0 0 0 0 0
1478047643 0 1121 3021 637 0 15641 8 0 308 0 0 0 1326 0 0 0 0 0 0 0
1478205967 0 1121 3058 637 0 15641 8 0 308 0 0 0 1326 0 0 0 0 0 0 0
1478205980 0 1121 3058 637 0 15641 8 0 308 0 0 0 1326 0 0 0 0 0 0 0
1478207250 0 1121 3058 637 0 15662 8 0 308 0 0 0 1326 0 0 0 0 0 0 0
1478207256 0 1121 3058 637 0 15662 8 0 308 0 0 0 1326 0 0 0 0 0 0 0
1478207389 0 1121 3058 637 0 15662 8 0 384 0 0 0 1326 0 0 0 0 0 0 0
1478207455 0 1121 3058 637 0 15662 8 0 384 0 0 0 1326 0 0 0 0 0 0 0
1478207590 0 1121 3058 637 0 15662 8 0 384 0 0 0 1326 0 0 0 0 0 0 0
1478207902 0 1121 5218 637 0 15662 8 0 384 0 0 0 1326 0 0 0 0 0 0 0
1478207952 0 1121 5218 637 0 15662 8 0 384 0 0 0 1326 0 0 0 0 0 0 0
1478208497 0 1173 5218 637 0 15662 8 0 384 0 0 0 1326 0 0 0 0 0 0 0
1478208678 0 1173 5218 637 0 15662 8 0 384 0 0 0 1326 0 0 0 0 0 0 0
1478210055 0 1173 5230 637 0 15662 8 0 384 0 0 0 1326 0 0 0 0 0 0 0
1478210182 0 1173 5230 637 0 15662 8 0 384 0 0 0 1326 0 0 0 0 0 0 0
1478213110 0 1201 5230 637 0 15662 8 0 384 0 0 0 1326 0 0 0 0 0 0 0
1478213297 0 1201 5230 637 0 15662 8 0 384 0 0 0 1326 0 0 0 0 0 0 0
1478213616 0 1201 5230 656 0 15662 8 0 384 0 0 0 1326 0 0 0 0 0 0 0
1478213702 0 1201 5230 656 0 15662 8 0 384 0 0 0 1326 0 0 0 0 0 0 0
1478213740 0 1203 5230 656 0 15662 8 0 384 0 0 0 1326 0 0 0 0 0 0 0
1478214939 0 1203 5370 656 0 15662 8 0 384 0 0 0 1326 0 0 0 0 0 0 0
1478229847 0 1203 5370 656 0 15662 8 0 384 0 0 0 1326 0 0 0 0 0 0 0
1478229882 0 1203 5370 656 0 15662 8 0 384 0 0 0 1326 0 0 0 0 0 0 0
1478495447 0 1437 5370 656 0 15662 8 0 384 0 0 0 1326 0 0 0 0 0 0 0
1478642017 0 1437 6446 656 0 15662 8 0 384 0 0 0 1326 0 0 0 0 0 0 0
1478645482 0 1437 6672 656 0 15662 8 0 384 0 0 0 1326 0 0 0 0 0 0 0
1478646385 0 1437 6672 656 0 16042 8 0 384 0 0 0 1326 0 0 0 0 0 0 0
1478646443 0 1437 6672 656 0 16042 8 0 384 0 0 0 1326 0 0 0 0 0 0 0
1478646633 0 1437 6686 656 0 16042 8 0 384 0 0 0 1326 0 0 0 0 0 0 0
1478646983 0 1437 6686 656 0 16042 8 0 384 0 0 0 1326 0 0 0 0 0 0 0
1478649063 0 1437 6686 656 0 16042 8 0 498 0 0 0 1326 0 0 0 0 0 0 0
1478649275 0 1437 6686 677 0 16042 8 0 498 0 0 0 1326 0 0 0 0 0 0 0
1478649336 0 1437 6686 677 0 16042 8 0 498 0 0 0 1326 0 0 0 0 0 0 0
1478649422 0 1437 6686 677 0 16042 8 0 498 0 0 0 1326 0 0 0 0 0 0 0
1478650935 0 1437 6746 677 0 16042 8 0 498 0 0 0 1326 0 0 0 0 0 0 0
1478810225 0 1503 6746 677 0 16042 8 0 498 0 0 0 1326 0 0 0 0 0 0 0
1478814960 0 1503 6786 677 0 16042 8 0 498 0 0 0 1326 0 0 0 0 0 0 0
1478815413 0 1503 6786 677 0 16042 8 0 498 0 0 0 1326 0 0 0 0 0 0 0
1478815564 0 1503 6786 677 0 16042 8 0 498 0 0 0 1326 0 0 0 0 0 0 0
1478815734 0 1503 6794 677 0 16042 8 0 498 0 0 0 1326 0 0 0 0 0 0 0
1478815787 0 1503 6794 677 0 16042 8 0 498 0 0 0 1326 0 0 0 0 0 0 0
1478817915 0 1503 6794 677 0 16042 8 0 498 0 0 0 1326 0 0 0 0 0 0 0
1478818622 0 1557 6794 677 0 16042 8 0 498 0 0 0 1326 0 0 0 0 0 0 0
1478818650 0 1557 6794 677 0 16042 8 0 498 0 0 0 1326 0 0 0 0 0 0 0
1478818808 0 1557 6794 677 0 16042 8 0 498 0 0 0 1326 0 0 0 0 0 0 0
1478823117 0 1557 6799 677 0 16042 8 0 498 0 0 0 1326 0 0 0 0 0 0 0
1479244408 0 1557 6799 677 0 16091 8 0 498 0 0 0 1326 0 0 0 0 0 0 0
1479244772 0 1557 6799 677 0 16091 8 0 552 0 0 0 1326 0 0 0 0 0 0 0
1479245113 0 1557 6799 677 0 16091 8 0 552 0 0 0 1326 0 0 0 0 0 0 0
1479246302 0 1557 6799 677 0 16091 8 0 552 0 0 0 1326 0 0 0 0 0 0 0
1479246894 0 1557 6812 677 0 16091 8 0 552 0 0 0 1326 0 0 0 0 0 0 0
1479247514 0 1557 6812 677 0 16091 8 0 552 0 0 0 1326 0 0 0 0 0 0 0
1479247567 0 1557 6812 677 0 16091 8 0 552 0 0 0 1326 0 0 0 0 0 0 0
1479247642 0 1557 6812 677 0 16091 8 0 552 0 0 0 1326 0 0 0 0 0 0 0
1479247719 0 1557 6812 677 0 16091 8 0 552 0 0 0 1326 0 0 0 0 0 0 0
1479247747 0 1557 6812 677 0 16091 8 0 552 0 0 0 1326 0 0 0 0 0 0 0
1479248345 0 1557 6812 677 0 16107 8 0 552 0 0 0 1326 0 0 0 0 0 0 0
1479250338 0 1557 6812 677 0 16107 8 0 552 0 0 0 1326 0 0 0 0 0 0 0
1479252163 0 1557 6812 677 0 16107 8 0 552 0 0 0 1326 0 0 0 0 0 0 0
1479254216 0 1557 6843 677 0 16107 8 0 552 0 0 0 1326 0 0 0 0 0 0 0
1479254995 0 1557 8557 677 0 16107 8 0 552 0 0 0 1326 0 0 0 0 0 0 0
1479255211 0 1584 8557 677 0 16107 8 0 552 0 0 0 1326 0 0 0 0 0 0 0
1479419133 0 1584 8647 677 0 16107 8 0 552 0 0 0 1326 0 0 0 0 0 0 0
1479422443 0 1584 8647 677 0 16107 8 0 552 0 0 0 1326 0 0 0 0 0 0 0
1479424373 0 1631 8647 677 0 16107 8 0 552 0 0 0 1326 0 0 0 0 0 0 0
1479424596 0 1631 8647 677 0 16107 8 0 552 0 0 0 1326 0 0 0 0 0 0 0
1479424883 0 1631 8647 677 0 16107 8 0 552 0 0 0 1326 0 0 0 0 0 0 0
1479425386 0 1631 8760 677 0 16107 8 0 552 0 0 0 1326 0 0 0 0 0 0 0
1479425391 0 1631 8768 677 0 16107 8 0 552 0 0 0 1326 0 0 0 0 0 0 0
1479426749 0 1631 8777 677 0 16107 8 0 552 0 0 0 1326 0 0 0 0 0 0 0
1479426762 0 1631 8777 677 0 16107 8 0 552 0 0 0 1326 0 0 0 0 0 0 0
1479426990 0 1631 8777 744 0 16107 8 0 552 0 0 0 1326 0 0 0 0 0 0 0
1479427036 0 1631 8777 744 0 16107 8 0 552 0 0 0 1326 0 0 0 0 0 0 0
1479427076 0 1631 8777 744 0 16107 8 0 552 0 0 0 1326 0 0 0 0 0 0 0
1479430674 0 1631 8777 744 0 16107 8 0 552 0 0 0 1326 0 0 0 0 0 0 0
1479430777 0 1631 8777 744 0 16107 8 0 552 0 0 0 1326 0 0 0 0 0 0 0
1479855792 0 1631 8878 744 0 16107 8 0 552 0 0 0 1326 0 0 0 0 0 0 0
1480454906 0 1631 8878 744 0 16107 8 0 552 0 0 0 1326 0 0 0 0 0 0 0
1480454935 0 1631 8878 744 0 16107 8 0 552 0 0 0 1326 0 0 0 0 0 0 0
1480455384 0 1631 8880 744 0 16107 8 0 552 0 0 0 1326 0 0 0 0 0 0 0
1480455451 0 1631 8880 744 0 16107 8 0 552 0 0 0 1326 0 0 0 0 0 0 0
1480456333 0 1631 8880 744 0 16107 8 0 575 0 0 0 1326 0 0 0 0 0 0 0
1480456759 0 1631 8880 744 0 16107 8 0 575 0 0 0 1326 0 0 0 0 0 0 0
1480457727 0 1631 8880 864 0 16107 8 0 575 0 0 0 1326 0 0 0 0 0 0 0
1480457772 0 1631 8880 864 0 16107 8 0 575 0 0 0 1326 0 0 0 0 0 0 0
1480459037 0 1631 8880 864 0 16159 8 0 575 0 0 0 1326 0 0 0 0 0 0 0
1480459047 0 1631 8880 864 0 16159 8 0 575 0 0 0 1326 0 0 0 0 0 0 0
1480459298 0 1631 8880 864 0 16159 8 0 611 0 0 0 1326 0 0 0 0 0 0 0
1480459543 0 1631 8880 864 0 16159 8 0 611 0 0 0 1326 0 0 0 0 0 0 0
1480461025 0 1631 8880 864 0 16159 8 0 620 0 0 0 1326 0 0 0 0 0 0 0
1480462990 0 1631 8902 864 0 16159 8 0 620 0 0 0 1326 0 0 0 0 0 0 0
1480463107 0 1631 8902 864 0 16159 8 0 620 0 0 0 1326 0 0 0 0 0 0 0
1480465555 0 1800 8902 864 0 16159 8 0 620 0 0 0 1326 0 0 0 0 0 0 0
1480466026 0 1833 8902 864 0 16159 8 0 620 0 0 0 1326 0 0 0 0 0 0 0
1480466179 0 1833 8902 864 0 16159 8 0 620 0 0 0 1326 0 0 0 0 0 0 0
1480630827 0 1833 8902 864 0 16161 8 0 620 0 0 0 1326 0 0 0 0 0 0 0
1480632853 0 1833 8902 864 0 16180 8 0 620 0 0 0 1326 0 0 0 0 0 0 0
1480634666 0 1833 8912 864 0 16180 8 0 620 0 0 0 1326 0 0 0 0 0 0 0
1480634709 0 1833 8912 864 0 16180 8 0 620 0 0 0 1326 0 0 0 0 0 0 0
1480635833 0 1833 11173 864 0 16180 8 0 620 0 0 0 1326 0 0 0 0 0 0 0
1480641661 0 1904 11173 864 0 16180 8 0 620 0 0 0 1326 0 0 0 0 0 0 0
1480890712 0 1904 11173 864 0 16180 8 0 620 0 0 0 1326 0 0 34 0 0 0 0
1481057850 0 1904 11173 864 0 16496 8 0 620 0 0 0 1326 0 0 34 0 0 0 0
1481059967 0 1904 11173 864 0 16496 8 0 620 0 0 0 1326 0 0 34 0 0 0 0
1481060008 0 1904 11173 864 0 16496 8 0 620 0 0 0 1326 0 0 34 0 0 0 0
1481063398 0 1904 11173 864 0 16588 8 0 620 0 0 0 1326 0 0 34 0 0 0 0
1481063497 0 1904 11173 864 0 16588 8 0 620 0 0 0 1326 0 0 34 0 0 0 0
1481063533 0 1904 11173 864 0 16588 8 0 620 0 0 0 1326 0 0 34 0 0 0 0
1481064014 0 1904 11173 948 0 16588 8 0 620 0 0 0 1326 0 0 34 0 0 0 0
1481064056 0 1904 11173 948 0 16588 8 0 620 0 0 0 1326 0 0 34 0 0 0 0
1481064475 0 1904 11173 975 0 16588 8 0 620 0 0 0 1326 0 0 34 0 0 0 0
1481064494 0 1904 11173 975 0 16588 8 0 667 0 0 0 1326 0 0 34 0 0 0 0
1481064524 0 1904 11173 975 0 16588 8 0 667 0 0 0 1326 0 0 34 0 0 0 0
1481064696 0 1904 11173 975 0 16588 8 0 667 0 0 0 1326 0 0 34 0 0 0 0
1481066032 0 1904 11173 975 0 16588 8 0 667 0 0 0 1326 0 0 34 0 0 0 0
1481067196 0 1904 11192 975 0 16588 8 0 667 0 0 0 1326 0 0 34 0 0 0 0
1481067389 0 1904 11192 975 0 16588 8 0 667 0 0 0 1326 0 0 34 0 0 0 0
1481071362 0 2120 11192 975 0 16588 8 0 667 0 0 0 1326 0 0 34 0 0 0 0
1481072646 0 2179 11192 975 0 16588 8 0 667 0 0 0 1326 0 0 34 0 0 0 0
1481075406 0 2179 11192 975 0 16588 8 0 667 0 0 0 1326 0 0 34 0 0 0 0
1481075524 0 2179 11192 975 0 16588 8 0 667 0 0 0 1326 0 0 34 0 0 0 0
1481234832 0 2179 11192 1026 0 16588 8 0 667 0 0 0 1326 0 0 34 0 0 0 0
1481234917 0 2179 11192 1026 0 16588 8 0 667 0 0 0 1326 0 0 34 0 0 0 0
1481234954 0 2179 11192 1026 0 16588 8 0 667 0 0 0 1326 0 0 34 0 0 0 0
1481235006 0 2179 11192 1026 0 16869 8 0 667 0 0 0 1326 0 0 34 0 0 0 0
1481235029 0 2179 11192 1026 0 16869 8 0 667 0 0 0 1326 0 0 34 0 0 0 0
1481237561 0 2179 11208 1026 0 16869 8 0 667 0 0 0 1326 0 0 34 0 0 0 0
1481237578 0 2179 11208 1026 0 16869 8 0 667 0 0 0 1326 0 0 34 0 0 0 0
1481237633 0 2179 11208 1026 0 16869 8 0 667 0 0 0 1326 0 0 34 0 0 0 0
1481237640 0 2179 11208 1026 0 16869 8 0 667 0 0 0 1326 0 0 34 0 0 0 0
1481237787 0 2179 11208 1026 0 16869 8 0 667 0 0 0 1326 0 0 34 0 0 0 0
1481239508 0 2179 11208 1026 0 16869 8 0 667 0 0 0 1326 0 0 34 0 0 0 0
1481241393 0 2179 11259 1026 0 16869 8 0 667 0 0 0 1326 0 0 34 0 0 0 0
1481241770 0 2221 11259 1026 0 16869 8 0 667 0 0 0 1326 0 0 34 0 0 0 0
1481241883 0 2221 11259 1026 0 16869 8 0 667 0 0 0 1326 0 0 34 0 0 0 0
1481241924 0 2221 11259 1026 0 16869 8 0 667 0 0 0 1326 0 0 34 0 0 0 0
1481242862 0 2221 11294 1026 0 16869 8 0 667 0 0 0 1326 0 0 34 0 0 0 0
1481242881 0 2221 11294 1026 0 16869 8 0 667 0 0 0 1326 0 0 34 0 0 0 0
1481347086 0 2221 11294 1026 0 16869 8 0 667 0 0 0 1326 0 0 179 0 0 0 0
1481655564 0 2221 11294 1026 0 16869 8 0 667 0 0 0 1326 0 0 179 0 0 0 0
1481662031 0 2221 11294 1026 0 16869 8 0 667 0 2710 0 1326 0 0 179 0 0 0 0
1481667885 0 2221 11798 1026 0 16869 8 0 667 0 2710 0 1326 0 0 179 0 0 0 0
1481667996 0 2221 11810 1026 0 16869 8 0 667 0 2710 0 1326 0 0 179 0 0 0 0
1481668146 0 2221 11812 1026 0 16869 8 0 667 0 2710 0 1326 0 0 179 0 0 0 0
1481668965 0 2221 11894 1026 0 16869 8 0 667 0 2710 0 1326 0 0 179 0 0 0 0
1481669003 0 2221 11894 1026 0 16869 8 0 667 0 2710 0 1326 0 0 179 0 0 0 0
1481670780 0 2221 11894 1026 0 16869 20 0 667 0 2710 0 1326 0 0 179 0 0 0 0
1481673772 0 2221 11894 1026 0 16869 20 0 667 0 2710 0 1326 0 0 179 0 0 0 0
1481674608 0 2221 11894 1026 0 16869 20 0 667 0 2710 0 1326 0 0 179 0 0 0 0
1481829191 0 2221 11894 1026 0 16869 20 0 667 0 2710 0 1326 0 0 179 0 0 0 0
1481830445 0 2221 126504 1026 0 16869 20 0 667 0 2710 0 1326 0 0 179 0 0 0 0
1481830684 0 2221 126504 1026 0 16869 20 0 667 0 2710 0 1326 0 0 179 0 0 0 0
1481833056 0 2221 126504 1026 0 16869 20 0 667 0 2710 0 1326 0 0 179 0 0 0 0
1481835401 0 2221 126504 1026 0 16944 20 0 667 0 2710 0 1326 0 0 179 0 0 0 0
1481837071 0 2221 126504 1026 0 16944 20 0 667 0 2710 0 1326 0 0 179 0 0 0 0
1481837118 0 2221 128085 1026 0 16944 20 0 667 0 2710 0 1326 0 0 179 0 0 0 0
1481837170 0 2221 128085 1026 0 16944 20 0 667 0 2710 0 1326 0 0 179 0 0 0 0
1481855817 0 2221 128264 1026 0 16944 20 0 667 0 2710 0 1326 0 0 179 0 0 0 0
1483602307 0 2221 128264 1026 0 16944 403 0 667 0 2710 0 1326 0 0 179 0 0 0 0
1485302659 0 2221 128264 1026 0 16944 403 0 667 0 2710 0 1326 0 0 179 0 0 0 0
1485473184 0 2221 128264 1026 0 16944 403 0 667 0 2710 8 1326 0 0 179 0 0 0 0
1485508808 299 2221 128264 1026 0 16944 403 0 667 0 2710 8 1326 0 0 179 0 0 0 0
1485572758 335 2221 128264 1026 0 16944 403 0 667 0 2710 8 1326 0 0 179 0 0 0 0
1485898883 335 2221 128264 1026 0 16944 403 0 667 0 2710 8 1326 0 48 179 0 0 0 0
1485899002 335 2221 128264 1026 0 16944 403 0 667 0 2710 8 1326 0 48 179 0 0 0 0
1485901110 335 2221 128264 1026 0 16944 403 0 667 0 2710 8 1326 43 48 179 0 0 0 0
1485902585 340 2221 128264 1026 0 16944 403 0 667 0 2710 8 1326 43 48 179 0 0 0 0
1485906466 340 2221 128264 1026 0 16944 403 0 667 0 2710 16 1326 43 48 179 0 0 0 0
1485906516 340 2221 128264 1026 0 16944 403 0 667 0 2710 16 1326 43 48 179 0 0 0 0
1485906565 340 2221 128264 1026 0 16944 403 0 667 0 2710 16 1326 43 48 179 0 0 0 0
1486011736 340 2221 128264 1026 0 16944 403 0 667 0 2710 16 1326 62 48 179 0 0 0 0
1486011753 340 2221 128264 1026 0 16944 403 0 667 0 2710 16 1326 62 48 179 0 0 0 0
1486015824 340 2221 128264 1026 0 16944 403 0 667 0 2710 16 1326 125 48 179 0 0 0 0
1486065364 340 2221 128264 1026 0 16944 403 0 667 0 2710 16 1326 180 48 179 0 0 0 0
1486069990 340 4266 128264 1026 0 16944 403 0 667 0 2710 16 1326 180 48 179 0 0 0 0
1486070390 340 4266 128264 1026 0 16944 403 0 667 0 2710 16 1326 180 48 179 0 0 0 0
1486071607 340 4266 128264 1026 0 16944 403 0 667 16 2710 16 1326 180 48 179 0 0 0 0
1486071702 340 4266 128264 1026 0 16944 403 0 667 16 2710 16 1326 180 48 179 0 0 0 0
1486072822 340 4266 128264 1026 0 16944 403 0 667 16 2710 16 1326 180 121 179 0 0 0 0
1486076744 340 4266 128264 1026 0 16944 413 0 667 16 2710 16 1326 180 121 179 0 0 0 0
1486077639 340 4266 128264 1026 0 16944 413 0 667 16 2710 16 1326 224 121 179 0 0 0 0
1486078339 340 4266 128264 1026 0 16944 413 0 667 186 2710 16 1326 224 121 179 0 0 0 0
1486079064 618 4266 128264 1026 0 16944 413 0 667 186 2710 16 1326 224 121 179 0 0 0 0
1486079953 659 4266 128264 1026 0 16944 413 0 667 186 2710 16 1326 224 121 179 0 0 0 0
1486083393 664 4266 128264 1026 0 16944 413 0 667 186 2710 16 1326 224 121 179 0 0 0 0
1486114142 664 4266 128264 1026 165 16944 413 0 667 186 2710 16 1326 224 121 179 0 0 0 0
1486506615 664 4266 128264 1026 165 16944 413 0 667 186 2710 16 1326 224 121 179 0 0 0 0
1486507293 664 4266 128264 1026 165 16944 413 0 667 186 2710 642 1326 224 121 179 0 0 0 0
1486509316 664 4266 128264 1026 165 16944 413 0 667 186 2710 642 1326 224 121 179 0 0 0 0
1486509704 664 4266 128264 1026 165 16944 413 0 667 186 2710 642 1326 224 121 179 0 0 0 0
1486510216 664 4266 128264 1026 165 16944 413 0 667 186 2710 642 1326 224 121 179 0 0 0 0
1486510629 664 4266 128264 1026 165 16944 413 0 667 186 2710 642 1326 224 121 179 0 0 0 0
1486511464 664 4266 128264 1026 165 16944 413 0 667 186 2710 642 1326 224 121 179 0 0 0 0
1486680690 664 4266 128264 1026 207 16944 413 0 667 186 2710 642 1326 950 121 179 0 0 0 0
1486781449 664 4266 128264 1026 246 16944 413 0 667 186 2710 642 1326 950 121 179 0 0 0 0
1486795046 710 4266 128264 1026 246 16944 413 0 667 186 2710 642 1326 950 121 179 0 0 0 0
1486795166 710 4266 128264 1026 246 16944 413 0 667 186 2710 642 1326 950 121 179 0 0 0 0
1486933449 722 4266 128264 1026 246 16944 413 0 667 186 2710 642 1326 950 121 179 0 0 0 0
1486933908 783 4266 128264 1026 246 16944 413 0 667 186 2710 642 1326 950 121 179 0 0 0 0
1487102069 783 4266 128264 1026 278 16944 413 0 667 186 2710 642 1326 950 121 179 0 0 0 0
1487102139 783 4266 128264 1026 278 16944 413 0 667 186 2710 642 1326 950 121 179 0 0 0 0
1487109712 783 4266 128264 1026 278 16944 413 0 667 186 2710 742 1326 950 121 179 0 0 0 0
1487116520 1252 4266 128264 1026 278 16944 413 0 667 186 2710 742 1326 950 121 179 0 0 0 0
1487117222 1252 4266 128264 1026 514 16944 413 0 667 474 2710 742 1326 950 121 179 0 0 0 0
1487280957 1252 4266 128264 1026 514 16944 413 0 667 783 2710 742 1326 950 121 179 0 0 0 0
1487281026 1252 4266 128264 1026 514 16944 413 0 667 783 2710 742 1326 950 121 179 0 0 0 0
1487283351 1252 4266 128264 1026 514 16944 413 0 808 783 2710 742 1326 950 121 179 0 0 0 0
1487283570 1252 4266 128264 1026 514 16944 413 0 808 783 2710 742 1326 950 121 179 0 0 0 0
1487285367 1252 4266 128264 1026 514 16944 413 0 808 783 2710 742 1326 950 121 179 0 0 0 0
1487286058 1265 4266 128264 1026 514 16944 413 0 808 783 2710 742 1326 950 121 179 0 0 0 0
1487286077 1265 4266 128264 1026 514 16944 413 0 808 783 2710 742 1326 950 121 179 0 0 0 0
1487286490 1265 4266 128264 1026 514 16944 413 0 808 783 2710 742 1326 950 121 179 0 0 0 0
1487286871 1265 4266 128264 1026 514 16944 413 0 808 783 2710 742 1326 950 121 179 0 0 0 0
1487287461 1265 4266 128264 1026 514 16944 413 0 808 783 2710 742 1326 950 121 179 0 0 0 0
1487287902 1265 4266 128264 1026 514 16944 413 0 808 783 2710 742 1326 950 133 179 0 0 0 0
1487289447 1265 4266 128264 1026 514 16944 413 0 808 783 2710 742 1326 950 163 179 0 0 0 0
1487289534 1265 4266 128264 1026 514 16944 413 0 808 783 2710 742 1326 950 163 179 0 0 0 0
1487290344 1265 4266 128264 1026 514 16944 413 0 808 783 2710 742 1326 950 163 179 0 0 0 0
1487296317 1265 4266 128264 1026 583 16944 413 0 808 783 2710 742 1326 950 163 179 0 0 0 0
1487319780 1265 10785 128264 1026 583 16944 413 0 808 783 2710 742 1326 950 163 179 0 0 0 0
1487326003 2778 10785 128264 1026 583 16944 413 0 808 783 2710 742 1326 950 163 179 0 0 0 0
1487333499 2817 10785 128264 1026 583 16944 413 0 808 783 2710 742 1326 950 163 179 0 0 0 0
1487343611 2928 10785 128264 1026 583 16944 413 0 808 783 2710 742 1326 950 163 179 0 0 0 0
1487499237 2928 10785 128264 1026 583 16944 413 0 808 783 3611 742 1326 950 163 179 0 0 0 0
1487658411 2928 10785 128264 1026 583 16944 413 0 808 783 3940 742 1326 950 163 179 0 0 0 0
1487669132 2928 10785 128264 1026 583 16944 413 0 808 783 4840 742 1326 950 163 179 0 0 0 0
1487715804 3028 10785 128264 1026 583 16944 413 0 808 783 4840 742 1326 950 163 179 0 0 0 0
1487716049 3028 10785 128264 1026 583 16944 413 0 808 783 4840 910 1326 950 163 179 0 0 0 0
1487833328 3145 10785 128264 1026 583 16944 413 0 808 783 4840 910 1326 950 163 179 0 0 0 0
1487833403 3145 10785 128264 1026 583 16944 413 0 808 783 4840 910 1326 950 163 179 0 0 0 0
1487833763 3165 10785 128264 1026 583 16944 413 0 808 783 4840 910 1326 950 163 179 0 0 0 0
1487836338 3170 10785 128264 1026 583 16944 413 0 808 783 4840 910 1326 950 163 179 0 0 0 0
1487856343 3170 10785 128264 1026 583 16944 413 0 808 783 5401 910 1326 950 163 179 0 0 0 0
1487888109 3170 10785 128264 1026 583 16944 413 68 808 783 5401 910 1326 950 163 179 0 0 0 0
1487889096 3170 10785 128264 1026 583 16944 413 68 808 783 5401 910 1326 950 163 179 0 0 0 0
1487889545 3170 10785 128264 1026 583 16944 413 68 808 783 5401 910 1326 1064 163 179 0 0 0 0
1487890422 3170 10785 128264 1026 583 16944 413 68 808 783 5401 977 1326 1064 163 179 0 0 0 0
1487890443 3170 10785 128264 1026 583 16944 413 68 808 783 5401 977 1326 1064 163 179 0 0 0 0
1487890792 3170 10785 128264 1026 583 16944 413 68 808 783 5401 977 1326 1064 163 465 0 0 0 0
1487890982 3170 10785 128264 1026 583 16944 413 68 808 783 5401 977 1326 1064 163 465 0 0 0 0
1487902044 3170 10785 128264 1026 621 16944 413 68 808 783 5401 977 1326 1064 163 465 0 0 0 0
1487909836 3174 10785 128264 1026 621 16944 413 68 808 783 5401 977 1326 1064 163 465 0 0 0 0
1487927077 3174 10795 128264 1026 621 16944 413 68 808 783 5401 977 1326 1064 163 465 0 0 0 0
1487981212 3174 10795 128264 1026 621 16944 413 68 808 783 5401 977 1326 1064 163 465 0 0 0 0
1487984798 3174 10795 128264 1026 621 16944 413 68 808 783 5401 977 1326 1064 163 465 0 0 0 0
1487985255 3174 10795 128264 1026 621 16944 413 68 808 783 5401 977 1326 1064 163 465 0 0 0 0
1488010083 3174 10960 128264 1026 621 16944 413 68 808 783 5401 977 1326 1064 163 465 0 0 0 0
1488752147 3174 10978 128264 1026 621 16944 413 68 808 783 5401 977 1326 1064 163 465 0 0 0 0
1488752676 3174 10978 128264 1026 621 16944 413 68 808 783 5401 977 1326 1064 163 465 0 0 0 0
1488779970 3174 10978 128264 1026 744 16944 413 68 808 783 5401 977 1326 1064 163 465 0 0 0 0
1488795652 3174 10978 128264 1026 744 16944 413 3230 808 783 5401 977 1326 1064 163 465 0 0 0 0
1488917263 3174 11062 128264 1026 744 16944 413 3230 808 783 5401 977 1326 1064 163 465 0 0 0 0
1488928667 3174 11062 128264 1026 744 16944 413 3230 808 1104 5401 977 1326 1064 163 465 0 0 0 0
1488929062 3174 11062 128264 1026 744 16944 413 3230 808 1104 5401 1054 1326 1064 163 465 0 0 0 0
1488930200 3174 11062 128264 1026 744 16944 413 3230 808 1454 5401 1129 1326 1064 163 465 0 0 0 0
1488932487 3174 11062 128264 1026 744 16944 413 3234 808 1454 5401 1129 1326 1064 163 465 0 0 0 0
1489006867 3174 11062 128264 1026 744 16944 413 3234 808 1454 5401 1129 1326 1064 163 465 0 0 0 0
1489011479 3174 11062 128264 1026 749 16944 413 3234 808 1454 5401 1129 1326 1064 163 465 0 0 0 0
1489012029 3174 11062 128264 1026 749 16944 413 3234 808 1454 5401 1129 1326 1064 163 465 0 0 0 0
1489019002 3174 11062 128264 1026 788 16944 413 3234 808 1454 5401 1129 1326 1064 163 465 0 0 0 0
1489019077 3174 11062 128264 1026 797 16944 413 3234 808 1454 5401 1129 1326 1064 163 465 0 0 0 0
1489091351 3276 11062 128264 1026 797 16944 413 3234 808 1454 5401 1129 1326 1064 163 465 0 0 0 0
1489100150 3276 11062 128264 1026 797 16944 413 3234 808 1454 5401 1131 1326 1064 163 465 0 0 0 0
1489100576 3276 11062 128264 1026 797 16944 413 3234 808 1454 5401 1131 1326 1064 163 465 0 0 0 0
1489103620 3276 11062 128264 1026 797 16944 413 3234 808 1454 5401 1176 1326 1064 163 465 0 0 0 0
1489105222 3276 11172 128264 1026 797 16944 413 3234 808 1454 5401 1176 1326 1064 163 465 0 0 0 0
1489105303 3276 11172 128264 1026 797 16944 413 3234 808 1454 5401 1176 1326 1064 163 465 0 0 0 0
1489105499 3517 11172 128264 1026 797 16944 413 3234 808 1454 5401 1176 1326 1064 163 465 0 0 0 0
1489105547 3517 11172 128264 1026 797 16944 413 3234 808 1454 5401 1176 1326 1064 163 465 0 0 0 0
1489105553 3517 11172 128264 1026 797 16944 413 3234 808 1454 5401 1176 1326 1064 163 465 0 0 0 0
1489107183 3517 11282 128264 1026 797 16944 413 3234 808 1454 5401 1176 1326 1064 163 465 0 0 0 0
1489528359 3517 11282 128264 1026 803 16944 413 3234 808 1454 5401 1176 1326 1064 163 465 0 0 0 0
1489528543 3557 11282 128264 1026 803 16944 413 3234 808 1454 5401 1176 1326 1064 163 465 0 0 0 0
1489528863 3557 11282 128264 1026 803 16944 413 3234 808 1454 5401 1176 1326 1064 163 465 0 0 0 0
1489529099 3557 11282 128264 1026 803 16944 413 3234 808 1454 5401 1176 1326 1064 163 465 0 0 0 0
1489529168 3557 11282 128264 1026 803 16944 413 3234 808 1454 5401 1176 1326 1064 163 465 0 0 0 0
1489529513 3557 11282 128264 1026 803 16944 413 3234 808 1454 5401 1176 1326 1064 163 465 0 0 0 0
1489530549 3571 11282 128264 1026 803 16944 413 3234 808 1454 5401 1176 1326 1064 163 465 0 0 0 0
1489530969 3571 11282 128264 1026 803 16944 413 3234 808 1454 5401 1176 1326 1064 163 465 0 0 0 0
1489533982 3571 11282 128264 1026 809 16944 413 3234 808 1454 5401 1176 1326 1064 163 465 0 0 0 0
1489534135 3571 11282 128264 1026 809 16944 413 3234 808 1454 5401 1176 1326 1064 163 465 0 0 0 0
1489640529 3571 11282 128264 1026 814 16944 413 3234 808 1454 5401 1176 1326 1064 163 465 0 0 0 0
1489703484 3571 11282 128264 1026 814 16944 413 3234 808 1454 5401 1176 1326 1064 163 465 0 0 0 0
1489703684 3571 11282 128264 1026 814 16944 413 3234 808 1454 5401 1176 1326 1064 163 465 0 0 0 0
1489703685 3571 11282 128264 1026 814 16944 413 3234 808 1454 5401 1176 1326 1064 163 465 0 0 0 0
1489873225 3571 11444 128264 1026 814 16944 413 3234 808 1454 5401 1176 1326 1064 163 465 0 0 0 0
1489876558 3571 11444 128264 1026 814 16944 413 3234 808 1454 5401 1176 1326 1064 163 465 0 0 0 0
1489881884 3571 11464 128264 1026 814 16944 413 3234 808 1454 5401 1176 1326 1064 163 465 0 0 0 0
1489886415 3571 11472 128264 1026 814 16944 413 3234 808 1454 5401 1176 1326 1064 163 465 0 0 0 0
1489900898 3571 11472 128264 1026 814 16944 413 3234 808 1454 5401 1176 1326 1064 163 465 0 0 0 0
1489903376 3571 11472 128264 1026 814 16944 413 3234 808 1454 5401 1176 1326 1064 163 465 0 0 0 0
1490041845 3571 11473 128264 1026 814 16944 413 3234 808 1454 5401 1176 1326 1064 163 465 0 0 0 0
1490072589 3600 11473 128264 1026 814 16944 413 3234 808 1454 5401 1176 1326 1064 163 465 0 0 0 0
1490127182 3600 11473 128264 1026 814 16944 413 3234 808 1547 5401 1176 1326 1064 163 465 0 0 0 0
1490131971 3600 11473 128264 1026 814 16944 413 3234 808 1580 5401 1176 1326 1064 163 465 0 0 0 0
1490132218 3756 11473 128264 1026 814 16944 413 3234 808 1580 5401 1176 1326 1064 163 465 0 0 0 0
1490132240 3756 11473 128264 1026 814 16944 413 3234 808 1580 5401 1176 1326 1064 163 465 0 0 0 0
1490138753 3787 11473 128264 1026 814 16944 413 3234 808 1580 5401 1176 1326 1064 163 465 0 0 0 0
1490215121 3787 11571 128264 1026 814 16944 413 3234 808 1580 5401 1176 1326 1064 163 465 0 0 0 0
1490215424 3787 11571 128264 1026 814 16944 413 3234 808 1580 5401 1176 1326 1064 163 465 0 0 0 0
1490216845 3787 11571 128264 1026 814 16944 413 3234 808 1580 5401 1176 1326 1064 163 465 0 0 0 0
1490218622 3787 11572 128264 1026 814 16944 413 3234 808 1580 5401 1176 1326 1064 163 465 0 0 0 0
1490220616 3787 11580 128264 1026 814 16944 413 3234 808 1580 5401 1176 1326 1064 163 465 0 0 0 0
1490302521 3787 11580 128264 1026 814 16944 413 3234 808 1580 5401 1176 1326 1064 163 465 0 0 0 0
1490307339 3787 11580 128264 1026 814 16944 413 3234 808 1580 5401 1176 1326 1064 199 465 0 0 0 0
1490308261 3787 11660 128264 1026 814 16944 413 3234 808 1580 5401 1176 1326 1064 199 465 0 0 0 0
1490309443 3858 11660 128264 1026 814 16944 413 3234 808 1580 5401 1176 1326 1064 199 465 0 0 0 0
1490310502 3858 11660 128264 1026 814 16944 413 3234 808 1580 5401 1176 1326 1064 199 465 0 0 0 0
1490310632 3858 11660 128264 1026 814 16944 413 3234 808 1580 5401 1176 1326 1064 199 499 0 0 0 0
1490310853 3875 11660 128264 1026 814 16944 413 3234 808 1580 5401 1176 1326 1064 199 499 0 0 0 0
1490311409 3885 11660 128264 1026 814 16944 413 3234 808 1580 5401 1176 1326 1064 199 499 0 0 0 0
1490325583 3885 11660 128264 1026 814 16944 413 8694 808 1580 5401 1176 1326 1064 199 499 0 0 0 0
1490508589 3885 11759 128264 1026 814 16944 413 8694 808 1580 5401 1176 1326 1064 199 499 0 0 0 0
1490510078 3885 11782 128264 1026 814 16944 413 8694 808 1580 5401 1176 1326 1064 199 499 0 0 0 0
1490510162 3885 11784 128264 1026 814 16944 413 8694 808 1580 5401 1176 1326 1064 199 499 0 0 0 0
1490522146 3885 11784 128264 1026 814 16944 413 8694 808 1580 6304 1176 1326 1064 199 499 0 0 0 0
1490557273 3885 11815 128264 1026 814 16944 413 8694 808 1580 6304 1176 1326 1064 199 499 0 0 0 0
1490557672 3885 11815 128264 1026 814 16944 413 8694 808 1580 6304 1176 1326 1064 199 499 0 0 0 0
1490562615 3927 11815 128264 1026 814 16944 413 8694 808 1580 6304 1176 1326 1064 199 499 0 0 0 0
1490563536 3927 11855 128264 1026 814 16944 413 8694 808 1580 6304 1176 1326 1064 199 499 0 0 0 0
1490576217 3927 11862 128264 1026 814 16944 413 8694 808 1580 6304 1176 1326 1064 199 499 0 0 0 0
1490576252 3927 11862 128264 1026 814 16944 413 8694 808 1580 6304 1176 1326 1064 199 499 0 0 0 0
1490576653 3927 11863 128264 1026 814 16944 413 8694 808 1580 6304 1176 1326 1064 199 499 0 0 0 0
1490577023 3927 11863 128264 1026 814 16944 413 8694 808 1580 6304 1176 1326 1064 199 499 0 0 0 0
1490581144 3927 11877 128264 1026 814 16944 413 8694 808 1580 6304 1176 1326 1064 199 499 0 0 0 0
1490598328 3927 11877 128264 1026 969 16944 413 8694 808 1580 6304 1176 1326 1064 199 499 0 0 0 0
1490682369 3927 11877 128264 1026 969 16944 413 8694 808 1580 6304 1176 1326 1064 199 499 0 0 0 0
1490686377 3927 11877 128264 1026 969 16944 413 8694 808 1580 7187 1176 1326 1064 199 499 0 0 0 0
1490734138 3927 11877 128264 1026 969 16944 413 8694 808 2057 7187 1176 1326 1064 199 499 0 0 0 0
1490735647 3927 11877 128264 1026 969 16944 413 8694 808 2057 7187 1176 1326 1064 199 499 0 0 0 0
1490735663 3927 11885 128264 1026 969 16944 413 8694 808 2057 7187 1176 1326 1064 199 499 0 0 0 0
1490737341 3927 11885 128264 1026 969 16944 413 8694 808 2057 7187 1176 1326 1064 199 499 0 0 0 0
1490737661 3927 11885 128264 1026 969 16944 413 8694 808 2057 7187 1176 1326 1064 199 552 0 0 0 0
1490738661 3927 11885 128264 1026 969 16944 413 8694 808 2057 7187 1176 1326 1064 199 552 0 0 0 0
1490741164 3927 11885 128264 1026 969 16944 413 8694 808 2057 7187 1176 1326 1064 199 552 0 0 0 0
1490741204 3927 11885 128264 1026 969 16944 413 8694 808 2057 7187 1176 1326 1064 199 552 0 0 0 0
1490741217 3927 11885 128264 1026 969 16944 413 8694 808 2057 7187 1176 1326 1064 199 552 0 0 0 0
1490818776 3927 11885 128264 1026 969 16944 413 8694 808 2057 7187 1176 1326 1064 199 552 0 0 1049 0
1490819851 3927 11885 128264 1026 969 16944 413 8694 808 2057 7187 1176 1326 1064 199 552 0 0 1049 0
1490823951 3927 11885 128264 1026 969 16944 413 8694 808 2057 7187 1176 1326 1064 199 552 0 0 1547 0
1490866136 3927 11885 128264 1026 969 16944 413 8694 808 2057 7187 1176 1326 1064 199 552 0 0 1547 0
1490873964 3927 11885 128264 1026 969 16944 413 8694 808 2057 7187 1176 1326 1064 199 552 0 0 1547 0
1490898295 3927 11885 128264 1026 969 16944 413 8694 808 2057 7187 1176 1326 1064 199 552 0 0 1547 0
1490911933 3928 11885 128264 1026 969 16944 413 8694 808 2057 7187 1176 1326 1064 199 552 0 0 1547 0
1490915108 3928 11885 128264 1026 969 16944 413 8694 808 2169 7187 1176 1326 1064 199 552 0 0 1547 0
1490915929 3928 11885 128264 1026 969 16944 413 9466 808 2169 7187 1176 1326 1064 199 552 0 0 1547 0
1490916367 3953 11885 128264 1026 969 16944 413 9466 808 2169 7187 1176 1326 1064 199 552 0 0 1547 0
1490917349 3953 11885 128264 1026 996 16944 413 9466 808 2169 7187 1176 1326 1064 199 552 0 0 1547 0
1491099677 3953 11885 128264 1026 996 16944 413 9466 808 2169 7187 1176 1326 1064 199 552 0 0 1547 0
1491168443 3953 11885 128264 1026 996 16944 413 9466 808 2169 7187 1176 1326 1064 199 552 518 0 1547 0
1491171881 3953 11885 128264 1026 996 16944 413 9466 808 2169 7187 1176 1326 1064 199 552 664 0 1547 0
1491185397 3953 11885 128264 1026 996 16944 413 9466 808 2169 7187 1176 1326 1064 199 552 680 0 1547 0
1491340435 3953 11885 128264 1026 996 16944 413 9466 808 2169 7187 1176 1326 1064 199 552 680 0 1547 0
1491340500 3953 11885 128264 1026 996 16944 413 9466 808 2169 7187 1176 1326 1064 199 552 680 0 1547 0
1491340538 3953 11885 128264 1026 996 16944 413 9466 808 2169 7187 1176 1326 1064 199 552 680 0 1547 0
1491341294 3953 11885 128264 1026 996 16944 413 9466 808 2169 7187 1176 1326 1064 199 552 680 0 1547 0
1491344575 3953 11885 128264 1026 996 16944 413 9466 808 2169 7187 1263 1326 1064 199 552 680 0 1547 0
1491346986 3953 11885 128264 1026 1007 16944 413 9466 808 2169 7187 1263 1326 1064 199 552 680 0 1547 0
1491348565 3953 11885 128264 1026 1007 16944 413 10070 808 2169 7187 1263 1326 1064 199 552 680 0 1547 0
1491423688 3953 11885 128264 1026 1007 16944 413 10070 808 2169 7187 1263 1326 1064 199 552 807 0 1547 0
1491425021 3953 11885 128264 1026 1007 16944 413 10070 808 2169 7187 1263 1326 1064 199 552 77563 0 1547 0
1491426513 3953 11885 128264 1026 1007 16944 413 10070 808 2169 7187 1263 1326 1064 199 552 151806 0 1547 0
1491427790 3953 11885 128264 1026 1007 16944 413 10070 808 2169 7187 1263 1326 1064 199 552 151806 0 1547 0
1491511938 3953 11885 128264 1026 1007 16944 413 10070 808 2169 7187 1263 1326 1064 199 592 151806 0 1547 0
1491514071 3953 11885 128264 1026 1007 16944 413 10070 808 2169 7187 1263 1326 1064 199 592 151806 0 1547 0
1491514256 3953 11885 128264 1026 1007 16944 413 10070 808 2172 7187 1263 1326 1064 199 592 151806 0 1547 0
1491514337 3953 11885 128264 1026 1007 16944 413 10070 808 2172 7187 1263 1326 1064 199 592 151806 0 1547 0
1491514532 3953 11885 128264 1026 1007 16944 413 10070 808 2172 7187 1263 1326 1064 199 592 151806 0 1547 0
1491514556 3953 11885 128264 1026 1007 16944 413 10070 808 2172 7187 1263 1326 1064 199 592 151806 0 1547 0
1491514644 3953 11885 128264 1026 1007 16944 413 10070 808 2172 7187 1263 1326 1064 199 592 151806 0 1547 0
1491514865 3953 11891 128264 1026 1007 16944 413 10070 808 2172 7187 1263 1326 1064 199 592 151806 0 1547 0
1491515105 3953 11891 128264 1026 1007 16944 413 10070 808 2172 7187 1344 1326 1064 199 592 151806 0 1547 0
1491515376 3953 11891 128264 1026 1008 16944 413 10070 808 2172 7187 1344 1326 1064 199 592 151806 0 1547 0
1491516599 4020 11891 128264 1026 1008 16944 413 10070 808 2172 7187 1344 1326 1064 199 592 151806 0 1547 0
1491516769 4020 11891 128264 1026 1012 16944 413 10070 808 2172 7187 1344 1326 1064 199 592 151806 0 1547 0
1491517195 4020 11891 128264 1026 1012 16944 413 10070 808 2172 7187 1344 1326 1064 199 592 151806 0 1547 0
1491517899 4020 11891 128264 1026 1012 16944 413 10070 808 2172 7187 1344 1326 1064 199 592 151806 0 1547 0
1491519442 4020 11891 128264 1026 1012 16944 413 10070 808 2188 7187 1344 1326 1064 199 592 151806 0 1547 0
1491519758 4020 11891 128264 1026 1012 16944 413 10070 808 2188 7187 1344 1326 1064 199 592 151806 0 1547 0
1491520178 4020 11893 128264 1026 1012 16944 413 10070 808 2188 7187 1344 1326 1064 199 592 151806 0 1547 0
1491525012 4020 11893 128264 1026 1012 16944 413 10070 808 2188 7187 1344 1326 1064 199 592 151806 0 1547 0
1491800720 4020 11893 128264 1026 1082 16944 413 10070 808 2188 7187 1344 1326 1064 199 592 151806 0 1547 0
1491897346 4023 11893 128264 1026 1082 16944 413 10070 808 2188 7187 1344 1326 1064 199 592 151806 0 1547 0
1491944450 4023 11893 128264 1026 1082 16944 413 10070 808 2188 7187 1344 1326 1064 199 592 151806 0 1547 0
1491946256 4023 11893 128264 1026 1082 16944 413 10070 808 2188 7187 1344 1326 1064 199 592 151806 0 1547 0
1491954889 4795 11893 128264 1026 1082 16944 413 10070 808 2188 7187 1344 1326 1064 199 592 151806 0 1547 0
1491979683 4795 11918 128264 1026 1082 16944 413 10070 808 2188 7187 1344 1326 1064 199 592 151806 0 1547 0
1492040968 4795 12025 128264 1026 1082 16944 413 10070 808 2188 7187 1344 1326 1064 199 592 151806 0 1547 0
1492076604 5044 12025 128264 1026 1082 16944 413 10070 808 2188 7187 1344 1326 1064 199 592 151806 0 1547 0
1492111217 5044 12025 128264 1026 1082 16944 413 10070 808 2188 7187 1344 1326 1064 199 592 151806 201 1547 0
1492114040 5044 12025 128264 1026 1103 16944 413 10070 808 2188 7187 1344 1326 1064 199 592 151806 201 1547 0
1492116457 5044 12025 128264 1026 1103 16944 413 10070 808 2188 7187 1344 1326 1064 199 592 151806 201 1547 0
1492119400 5044 12025 128264 1026 1103 16944 413 10070 808 2188 7187 1385 1326 1064 199 592 151806 201 1547 0
1492119834 5054 12025 128264 1026 1103 16944 413 10070 808 2188 7187 1385 1326 1064 199 592 151806 201 1547 0
1492120222 5054 12025 128264 1026 1103 16944 413 10070 808 2188 7187 1392 1326 1064 199 592 151806 201 1547 0
1492120891 5054 12034 128264 1026 1103 16944 413 10070 808 2188 7187 1392 1326 1064 199 592 151806 201 1547 0
1492121980 5054 12034 128264 1026 1103 16944 413 10070 808 2188 7187 1392 1326 1064 199 592 151806 201 1547 0
1492123772 5054 12034 128264 1026 1103 16944 413 10070 808 2188 7187 1392 1326 1064 199 592 151806 230 1547 0
1492128104 5054 12034 128264 1026 1103 16944 413 10070 808 2188 7187 1392 1326 1064 199 592 151806 230 1547 0
1492130645 5054 12034 128264 1026 1103 16944 413 11444 808 2188 7187 1392 1326 1064 199 592 151806 230 1547 0
1492130930 5054 12034 128264 1026 1125 16944 413 11444 808 2188 7187 1392 1326 1064 199 592 151806 230 1547 0
1492151702 5054 12034 128264 1026 1125 16944 413 11444 808 2188 7187 1392 1326 1064 199 592 151806 230 1547 0
1492225429 5054 12034 128264 1026 1125 16944 413 11444 808 2188 7187 1392 1326 1064 199 592 151806 230 1547 0
1492226009 5054 12034 128264 1026 1125 16944 413 11444 808 2188 7187 1392 1326 1064 199 592 151806 230 1547 0
1492232808 5054 12034 128264 1026 1125 16944 413 11444 808 2188 7187 1392 1326 1064 199 592 151806 230 1547 0
1492347978 5231 12034 128264 1026 1125 16944 413 11444 808 2188 7187 1392 1326 1064 199 592 151806 230 1547 0
1492402494 5231 12034 128264 1026 1125 16944 413 11444 808 2188 7187 1392 1326 1064 199 592 151806 230 1547 0
1492413797 5231 12034 128264 1026 1144 16944 413 11444 808 2188 7187 1392 1326 1064 199 592 151806 230 1547 0
1492548290 5231 12174 128264 1026 1144 16944 413 11444 808 2188 7187 1392 1326 1064 199 592 151806 230 1547 0
1492558622 5231 12174 128264 1026 1144 16944 413 12091 808 2188 7187 1392 1326 1064 199 592 151806 230 1547 0
1492559684 5231 12174 128264 1026 1144 16944 413 12091 808 2188 7187 1392 1326 1064 199 592 153019 230 1547 0
1492559836 5231 12174 128264 1026 1144 16944 413 12091 808 2188 7187 1392 1326 1064 199 592 153019 230 1547 0
1492602431 5231 12174 128264 1026 1144 16944 413 12091 808 2188 8288 1392 1326 1064 199 592 153019 230 1547 0
1492634978 5231 12174 128264 1026 1144 16944 413 12091 808 2188 8288 1392 1326 1064 199 592 153019 230 1547 0
1492635072 5231 12174 128264 1026 1144 16944 413 12091 808 2188 8288 1392 1326 1064 199 592 153019 230 1547 0
1492635578 5231 12174 128264 1026 1144 16944 413 12091 808 2188 8288 1392 1326 1064 199 592 153019 230 1547 0
1492636160 5231 12174 128264 1026 1144 16944 413 12091 808 2188 8288 1392 1326 1064 199 592 153019 230 1547 0
1492643360 5231 12174 128264 1026 1144 16944 413 12091 808 2188 8288 1392 1326 1064 199 592 153019 257 1547 0
1492664612 5231 12174 128264 1026 1144 16944 413 12091 808 2188 8288 1392 1326 1064 199 592 153019 267 1547 0
1492684237 5231 12174 128264 1026 1144 16944 413 12091 808 2188 8539 1392 1326 1064 199 592 153019 267 1547 0
1492718175 5231 12174 128264 1026 1144 16944 413 12091 808 2188 8539 1392 1326 1064 199 592 153019 267 1547 0
1492718190 5231 12174 128264 1026 1144 16944 413 12091 808 2188 8539 1392 1326 1064 199 592 153019 267 1547 0
1492721797 5231 12174 128264 1026 1144 16944 413 12091 808 2188 8539 1392 1326 1064 199 592 153019 267 1547 0
1492724191 5231 12174 128264 1026 1144 16944 413 12092 808 2188 8539 1392 1326 1064 199 592 153019 267 1547 0
1492724242 5231 12174 128264 1026 1144 16944 413 12092 808 2188 8539 1392 1326 1064 199 592 153019 267 1547 0
1492726014 5449 12174 128264 1026 1144 16944 413 12092 808 2188 8539 1392 1326 1064 199 592 153019 267 1547 0
1492726466 5449 12174 128264 1026 1144 16944 413 12208 808 2188 8539 1392 1326 1064 199 592 153019 267 1547 0
1492727569 5449 12174 128264 1026 1144 16944 413 12208 808 2188 8539 1392 1326 1064 199 592 153019 267 1547 0
1492729857 9580 12174 128264 1026 1144 16944 413 12208 808 2188 8539 1392 1326 1064 199 592 153019 267 1547 0
1492730862 9580 12174 128264 1026 1144 16944 413 12489 808 2188 8539 1392 1326 1064 199 592 153019 267 1547 0
1492733726 9583 12174 128264 1026 1144 16944 413 12489 808 2188 8539 1392 1326 1064 199 592 153019 267 1547 0
1492734751 9583 12174 128264 1026 1144 16944 413 13000 808 2188 8539 1392 1326 1064 199 592 153019 267 1547 0
1492735703 9584 12174 128264 1026 1144 16944 413 13000 808 2188 8539 1392 1326 1064 199 592 153019 267 1547 0
1492735983 9584 12174 128264 1026 1144 16944 413 13000 808 2188 8539 1392 1326 1064 199 592 153019 267 1547 0
1492736552 9650 12174 128264 1026 1144 16944 413 13000 808 2188 8539 1392 1326 1064 199 592 153019 267 1547 0
1492738032 9650 12174 128264 1026 1144 16944 413 13000 808 2188 8539 1392 1326 1064 199 592 153019 267 1547 0
1492834406 9650 12174 128264 1026 1144 16944 413 13000 808 2188 8539 1392 1326 1064 199 592 153019 267 1547 0
1492834733 9650 12174 128264 1026 1144 16944 413 13000 808 2188 8539 1392 1326 1064 199 592 153019 267 1547 0
1492938362 9869 12174 128264 1026 1144 16944 413 13000 808 2188 8539 1392 1326 1064 199 592 153019 267 1547 0
1492939819 9869 12174 128264 1026 1144 16944 413 13000 808 2188 8539 1392 1326 1064 199 592 153019 267 1547 0
1492940532 9951 12174 128264 1026 1144 16944 413 13000 808 2188 8539 1392 1326 1064 199 592 153019 267 1547 0
1492940766 10211 12174 128264 1026 1144 16944 413 13000 808 2188 8539 1392 1326 1064 199 592 153019 267 1547 0
1492984621 10211 12174 128264 1026 1441 16944 413 13000 808 2188 8539 1392 1326 1064 199 592 153019 267 1547 0
1492994896 10211 12174 128264 1026 1602 16944 413 13000 808 2188 8539 1392 1326 1064 199 592 153019 267 1547 0
1493003249 10211 12174 128264 1026 1602 16944 413 13000 808 2188 8539 1392 1326 1064 199 592 153019 267 1547 0
1493011726 10211 12174 128264 1026 6055 16944 413 13000 808 2188 8539 1392 1326 1064 199 592 153019 267 1547 0
1493013197 10211 12174 128264 1026 6179 16944 413 13000 808 2188 8539 1392 1326 1064 199 592 153019 267 1547 0
1493013222 10211 12174 128264 1026 6179 16944 413 13000 808 2188 8539 1392 1326 1064 199 592 153019 267 1547 0
1493019319 10211 12174 128264 1026 6267 16944 413 13000 808 2188 8539 1392 1326 1064 199 592 153019 267 1547 0
1493050822 10218 12174 128264 1026 6267 16944 413 13000 808 2188 8539 1392 1326 1064 199 592 153019 267 1547 0
1493051227 10345 12174 128264 1026 6267 16944 413 13000 808 2188 8539 1392 1326 1064 199 592 153019 267 1547 0
1493054356 10348 12174 128264 1026 6267 16944 413 13000 808 2188 8539 1392 1326 1064 199 592 153019 267 1547 0
1493152908 10348 12174 128264 1026 6267 16944 413 13000 808 2410 8539 1392 1326 1064 199 592 153019 267 1547 0
1493156215 10348 12174 128264 1026 6267 16944 413 13000 808 2410 8539 1392 1326 1064 199 704 153019 267 1547 0
1493158110 10348 12174 128264 1026 6267 16944 413 13000 808 2410 8539 1392 1326 1064 199 704 153019 267 1547 0
1493158571 10348 12174 128264 1026 6267 16944 413 13000 808 2410 8539 1392 1326 1064 199 704 153019 267 1547 0
1493159065 10348 12174 128264 1026 6267 16944 413 13000 808 2410 8539 1392 1326 1064 199 704 153019 267 1547 0
1493160815 10369 12174 128264 1026 6267 16944 413 13000 808 2410 8539 1392 1326 1064 199 704 153019 267 1547 0
1493160851 10369 12174 128264 1026 6267 16944 413 13000 808 2410 8539 1392 1326 1064 199 704 153019 267 1547 0
1493254201 10369 12174 128264 1026 6267 16944 413 13000 808 2410 8539 1392 1326 1064 199 704 153019 526 1547 0
1493270733 10395 12174 128264 1026 6267 16944 413 13000 808 2410 8539 1392 1326 1064 199 704 153019 526 1547 0
1493271367 10452 12174 128264 1026 6267 16944 413 13000 808 2410 8539 1392 1326 1064 199 704 153019 526 1547 0
1493284041 10506 12174 128264 1026 6267 16944 413 13000 808 2410 8539 1392 1326 1064 199 704 153019 526 1547 0
1493290135 10510 12174 128264 1026 6267 16944 413 13000 808 2410 8539 1392 1326 1064 199 704 153019 526 1547 0
1493290181 10558 12174 128264 1026 6267 16944 413 13000 808 2410 8539 1392 1326 1064 199 704 153019 526 1547 0
1493290216 10560 12174 128264 1026 6267 16944 413 13000 808 2410 8539 1392 1326 1064 199 704 153019 526 1547 0
1493290238 10561 12174 128264 1026 6267 16944 413 13000 808 2410 8539 1392 1326 1064 199 704 153019 526 1547 0
1493290462 12430 12174 128264 1026 6267 16944 413 13000 808 2410 8539 1392 1326 1064 199 704 153019 526 1547 0
1493297612 12430 12174 128264 1026 6267 16944 413 13000 808 2410 8849 1392 1326 1064 199 704 153019 526 1547 0
1493313648 12430 12174 128264 1026 6267 16944 413 13000 808 2410 8849 1392 1326 1064 199 704 153019 2644 1547 0
1493325436 12430 12174 128264 1026 6267 16944 413 13200 808 2410 8849 1392 1326 1064 199 704 153019 2644 1547 0
1493326279 12430 12174 128264 1026 6267 16944 413 13201 808 2410 8849 1392 1326 1064 199 704 153019 2644 1547 0
1493326818 12430 12174 128264 1026 6267 16944 413 13201 808 2410 8849 1392 1326 1064 199 704 153019 2748 1547 0
1493327020 12430 12174 128264 1026 6267 16944 413 13202 808 2410 8849 1392 1326 1064 199 704 153019 2748 1547 0
1493328938 12430 12174 128264 1026 16612 16944 413 13202 808 2410 8849 1392 1326 1064 199 704 153019 2748 1547 0
1493328990 12430 12174 128264 1026 16612 16944 413 13202 808 2410 8849 1392 1326 1064 199 704 153019 2748 1547 0
1493329246 12430 12174 128264 1026 16616 16944 413 13202 808 2410 8849 1392 1326 1064 199 704 153019 2748 1547 0
1493330216 12430 12174 128264 1026 16616 16944 413 13202 808 2410 8849 1392 1326 1064 199 704 153019 2780 1547 0
1493332559 12430 12174 128264 1026 16616 16944 413 15947 808 2410 8849 1392 1326 1064 199 704 153019 2780 1547 0
1493333043 12430 12672 128264 1026 16616 16944 413 15947 808 2410 8849 1392 1326 1064 199 704 153019 2780 1547 0
1493333585 12430 12672 128264 1026 16623 16944 413 15947 808 2410 8849 1392 1326 1064 199 704 153019 2780 1547 0
1493333650 12430 12672 128264 1026 16623 16944 413 15947 808 2410 8849 1392 1326 1064 199 704 153019 2780 1547 0
1493333709 12430 12672 128264 1026 16623 16944 413 15947 808 2410 8849 1392 1326 1064 199 704 153019 2780 1547 0
1493333952 12430 12672 128264 1026 16627 16944 413 15947 808 2410 8849 1392 1326 1064 199 704 153019 2780 1547 0
1493335259 12430 12672 128264 1026 16627 16944 413 15947 808 2410 8849 1392 1326 1064 199 704 153019 2780 1547 0
1493335262 12637 12672 128264 1026 16627 16944 413 15947 808 2410 8849 1392 1326 1064 199 704 153019 2780 1547 0
1493335531 12664 12672 128264 1026 16627 16944 413 15947 808 2410 8849 1392 1326 1064 199 704 153019 2780 1547 0
1493336638 12664 12672 128264 1026 16627 16944 413 15947 808 2410 8849 1392 1326 1064 199 704 153019 2780 1547 0
1493339543 12735 12672 128264 1026 16627 16944 413 15947 808 2410 8849 1392 1326 1064 199 704 153019 2780 1547 0
1493341914 12735 12672 128264 1026 16627 16944 413 15980 808 2410 8849 1392 1326 1064 199 704 153019 2780 1547 0
1493343028 12735 12672 128264 1026 16627 16944 413 15980 808 2410 8849 1392 1326 1064 199 704 153019 2780 1547 0
1493344251 12769 12672 128264 1026 16627 16944 413 15980 808 2410 8849 1392 1326 1064 199 704 153019 2780 1547 0
1493345750 12781 12672 128264 1026 16627 16944 413 15980 808 2410 8849 1392 1326 1064 199 704 153019 2780 1547 0
1493348972 12781 12672 128264 1026 24227 16944 413 15980 808 2410 8849 1392 1326 1064 199 704 153019 2780 1547 0
1493349353 12926 12672 128264 1026 24227 16944 413 15980 808 2410 8849 1392 1326 1064 199 704 153019 2780 1547 0
1493349411 12926 12672 128264 1026 24227 16944 413 15980 808 2410 8849 1392 1326 1064 199 704 153019 2780 1547 0
1493349549 12926 12672 128264 1026 24229 16944 413 15980 808 2410 8849 1392 1326 1064 199 704 153019 2780 1547 0
1493407492 12926 12672 128264 1026 24229 16944 417 15980 808 2410 8849 1392 1326 1064 199 704 153019 2780 1547 0
1493407552 12926 12672 128264 1026 24229 16944 417 15980 808 2410 8849 1392 1326 1064 199 704 153019 2780 1547 0
1493407554 12926 12672 128264 1026 24229 16944 417 15980 808 2410 8849 1392 1326 1064 199 704 153019 2780 1547 0
1493506466 12926 12672 128264 1026 24229 16944 417 15980 808 2410 8849 1392 1326 1064 199 704 153019 2780 1547 0
1493507442 12928 12672 128264 1026 24229 16944 417 15980 808 2410 8849 1392 1326 1064 199 704 153019 2780 1547 0
1493517738 13310 12672 128264 1026 24229 16944 417 15980 808 2410 8849 1392 1326 1064 199 704 153019 2780 1547 0
1493523679 14105 12672 128264 1026 24229 16944 417 15980 808 2410 8849 1392 1326 1064 199 704 153019 2780 1547 0
1493524527 14105 12672 128264 1026 24229 16944 417 15980 808 2410 8849 1392 1326 1064 199 704 153019 2780 1547 0
1493524756 14105 12672 128264 1026 24229 16944 417 15980 808 2410 8849 1392 1326 1064 199 704 153019 2780 1547 0
1493524800 14105 12672 128264 1026 24229 16944 417 15980 808 2410 8849 1392 1326 1064 199 704 153019 2780 1547 0
1493524862 14105 12672 128264 1026 24229 16944 417 15980 808 2410 8849 1392 1326 1064 199 704 153019 2780 1547 0
1493525229 14105 12672 128264 1026 24229 16944 417 15980 808 2410 8849 1392 1326 1064 199 704 153019 2780 1547 0
1493526338 14111 12672 128264 1026 24229 16944 417 15980 808 2410 8849 1392 1326 1064 199 704 153019 2780 1547 0
1493526362 14111 12672 128264 1026 24229 16944 417 15980 808 2410 8849 1392 1326 1064 199 704 153019 2780 1547 0
1493526472 14111 12672 128264 1026 24229 16944 417 15980 808 2410 8849 1392 1326 1064 199 704 153019 2780 1547 0
1493526861 14456 12672 128264 1026 24229 16944 417 15980 808 2410 8849 1392 1326 1064 199 704 153019 2780 1547 0
1493526913 14456 12672 128264 1026 24229 16944 417 15980 808 2410 8849 1392 1326 1064 199 704 153019 2780 1547 0
1493527039 14456 12672 128264 1026 24229 16944 417 15980 808 2410 8849 1392 1326 1064 199 704 153019 2780 1547 0
1493529724 14464 12672 128264 1026 24229 16944 417 15980 808 2410 8849 1392 1326 1064 199 704 153019 2780 1547 0
1493530139 17294 12672 128264 1026 24229 16944 417 15980 808 2410 8849 1392 1326 1064 199 704 153019 2780 1547 0
1493530236 17295 12672 128264 1026 24229 16944 417 15980 808 2410 8849 1392 1326 1064 199 704 153019 2780 1547 0
1493530590 17482 12672 128264 1026 24229 16944 417 15980 808 2410 8849 1392 1326 1064 199 704 153019 2780 1547 0
1493530801 17485 12672 128264 1026 24229 16944 417 15980 808 2410 8849 1392 1326 1064 199 704 153019 2780 1547 0
1493542922 17485 12672 128264 1026 24229 16944 417 15980 808 2410 9265 1392 1326 1064 199 704 153019 2780 1547 0
1493544612 17485 12672 128264 1026 24229 16944 417 15980 808 2410 9545 1392 1326 1064 199 704 153019 2780 1547 0
1493544882 17673 12672 128264 1026 24229 16944 417 15980 808 2410 9545 1392 1326 1064 199 704 153019 2780 1547 0
1493545747 17673 12672 128264 1026 24229 16944 417 15980 808 2410 9545 1392 1326 1064 199 704 153019 2780 1547 0
1493576699 17675 12672 128264 1026 24229 16944 417 15980 808 2410 9545 1392 1326 1064 199 704 153019 2780 1547 0
1493583840 17676 12672 128264 1026 24229 16944 417 15980 808 2410 9545 1392 1326 1064 199 704 153019 2780 1547 0
1493588787 17685 12672 128264 1026 24229 16944 417 15980 808 2410 9545 1392 1326 1064 199 704 153019 2780 1547 0
1493605325 17723 12672 128264 1026 24229 16944 417 15980 808 2410 9545 1392 1326 1064 199 704 153019 2780 1547 0
1493606139 17800 12672 128264 1026 24229 16944 417 15980 808 2410 9545 1392 1326 1064 199 704 153019 2780 1547 0
1493616885 17806 12672 128264 1026 24229 16944 417 15980 808 2410 9545 1392 1326 1064 199 704 153019 2780 1547 0
1493628256 18019 12672 128264 1026 24229 16944 417 15980 808 2410 9545 1392 1326 1064 199 704 153019 2780 1547 0
1493632643 18070 12672 128264 1026 24229 16944 417 15980 808 2410 9545 1392 1326 1064 199 704 153019 2780 1547 0
1493632727 18071 12672 128264 1026 24229 16944 417 15980 808 2410 9545 1392 1326 1064 199 704 153019 2780 1547 0
1493633922 18071 12672 128264 1026 24229 16944 417 15980 808 2410 9545 1392 1326 1064 199 704 153019 2780 1547 0
