1473092291 0 0 0 0 0 0 1 0 0 0 0 0 0 0 0 0 0 0 0 0
1475011907 0 0 0 0 0 1 1 0 0 0 0 0 0 0 0 0 0 0 0 0
1475017051 0 0 0 0 0 2 1 0 0 0 0 0 0 0 0 0 0 0 0 0
1475173503 0 0 0 0 0 3 1 0 0 0 0 0 0 0 0 0 0 0 0 0
1475182136 0 0 0 0 0 4 1 0 0 0 0 0 0 0 0 0 0 0 0 0
1475182185 0 0 0 0 0 4 1 0 0 0 0 0 1 0 0 0 0 0 0 0
1475182324 0 0 0 0 0 4 1 0 0 0 0 0 2 0 0 0 0 0 0 0
1475183959 0 0 0 0 0 4 1 0 0 0 0 0 3 0 0 0 0 0 0 0
1475184543 0 0 0 1 0 4 1 0 0 0 0 0 3 0 0 0 0 0 0 0
1475190057 0 0 0 1 0 4 1 0 0 0 0 0 4 0 0 0 0 0 0 0
1475190281 0 0 0 2 0 4 1 0 0 0 0 0 4 0 0 0 0 0 0 0
1475190323 0 0 0 2 0 5 1 0 0 0 0 0 4 0 0 0 0 0 0 0
1475190404 0 0 0 2 0 6 1 0 0 0 0 0 4 0 0 0 0 0 0 0
1475192168 0 1 0 2 0 6 1 0 0 0 0 0 4 0 0 0 0 0 0 0
1475192317 0 2 0 2 0 6 1 0 0 0 0 0 4 0 0 0 0 0 0 0
1475430904 0 2 0 2 0 7 1 0 0 0 0 0 4 0 0 0 0 0 0 0
1475463670 0 2 0 2 0 7 1 0 1 0 0 0 4 0 0 0 0 0 0 0
1475612671 0 2 0 2 0 8 1 0 1 0 0 0 4 0 0 0 0 0 0 0
1475614129 0 2 0 2 0 8 1 0 2 0 0 0 4 0 0 0 0 0 0 0
1475614641 0 2 0 3 0 8 1 0 2 0 0 0 4 0 0 0 0 0 0 0
1475622911 0 2 0 3 0 9 1 0 2 0 0 0 4 0 0 0 0 0 0 0
1475623001 0 2 0 3 0 10 1 0 2 0 0 0 4 0 0 0 0 0 0 0
1475623003 0 2 0 4 0 10 1 0 2 0 0 0 4 0 0 0 0 0 0 0
1475792608 0 2 0 5 0 10 1 0 2 0 0 0 4 0 0 0 0 0 0 0
1475794904 0 2 0 6 0 10 1 0 2 0 0 0 4 0 0 0 0 0 0 0
1475795289 0 2 0 6 0 11 1 0 2 0 0 0 4 0 0 0 0 0 0 0
1475795630 0 3 0 6 0 11 1 0 2 0 0 0 4 0 0 0 0 0 0 0
1475795636 0 3 0 7 0 11 1 0 2 0 0 0 4 0 0 0 0 0 0 0
1475795954 0 4 0 7 0 11 1 0 2 0 0 0 4 0 0 0 0 0 0 0
1475796435 0 5 0 7 0 11 1 0 2 0 0 0 4 0 0 0 0 0 0 0
1475796527 0 6 0 7 0 11 1 0 2 0 0 0 4 0 0 0 0 0 0 0
1475964647 0 6 0 7 0 11 1 0 2 0 0 0 5 0 0 0 0 0 0 0
1476044217 0 6 0 7 0 11 1 0 2 0 0 0 6 0 0 0 0 0 0 0
1476078997 0 6 0 8 0 11 1 0 2 0 0 0 6 0 0 0 0 0 0 0
1476079135 0 6 0 9 0 11 1 0 2 0 0 0 6 0 0 0 0 0 0 0
1476209771 0 6 0 9 0 12 1 0 2 0 0 0 6 0 0 0 0 0 0 0
1476214954 0 6 0 9 0 12 1 0 2 0 0 0 7 0 0 0 0 0 0 0
1476215018 0 6 0 9 0 12 1 0 2 0 0 0 8 0 0 0 0 0 0 0
1476215130 0 6 0 9 0 12 1 0 2 0 0 0 9 0 0 0 0 0 0 0
1476219283 0 6 0 9 0 13 1 0 2 0 0 0 9 0 0 0 0 0 0 0
1476221820 0 7 0 9 0 13 1 0 2 0 0 0 9 0 0 0 0 0 0 0
1476222319 0 8 0 9 0 13 1 0 2 0 0 0 9 0 0 0 0 0 0 0
1476225062 0 9 0 9 0 13 1 0 2 0 0 0 9 0 0 0 0 0 0 0
1476226794 0 9 0 10 0 13 1 0 2 0 0 0 9 0 0 0 0 0 0 0
1476385579 0 9 0 10 0 14 1 0 2 0 0 0 9 0 0 0 0 0 0 0
1476392387 0 10 0 10 0 14 1 0 2 0 0 0 9 0 0 0 0 0 0 0
1476392431 0 11 0 10 0 14 1 0 2 0 0 0 9 0 0 0 0 0 0 0
1476392513 0 12 0 10 0 14 1 0 2 0 0 0 9 0 0 0 0 0 0 0
1476392586 0 13 0 10 0 14 1 0 2 0 0 0 9 0 0 0 0 0 0 0
1476392828 0 13 0 10 0 15 1 0 2 0 0 0 9 0 0 0 0 0 0 0
1476395099 0 14 0 10 0 15 1 0 2 0 0 0 9 0 0 0 0 0 0 0
1476398131 0 14 0 10 0 15 1 0 2 0 0 0 10 0 0 0 0 0 0 0
1476398802 0 14 0 10 0 15 1 0 2 0 0 0 11 0 0 0 0 0 0 0
1476399766 0 14 0 10 0 15 1 0 2 0 0 0 12 0 0 0 0 0 0 0
1476821379 0 14 0 10 0 16 1 0 2 0 0 0 12 0 0 0 0 0 0 0
1476824086 0 14 0 11 0 16 1 0 2 0 0 0 12 0 0 0 0 0 0 0
1476824131 0 14 0 12 0 16 1 0 2 0 0 0 12 0 0 0 0 0 0 0
1476826807 0 15 0 12 0 16 1 0 2 0 0 0 12 0 0 0 0 0 0 0
1476831073 0 15 0 13 0 16 1 0 2 0 0 0 12 0 0 0 0 0 0 0
1476991453 0 15 0 13 0 17 1 0 2 0 0 0 12 0 0 0 0 0 0 0
1476997433 0 15 0 14 0 17 1 0 2 0 0 0 12 0 0 0 0 0 0 0
1476997846 1 15 0 14 0 17 1 0 2 0 0 0 12 0 0 0 0 0 0 0
1476998022 2 15 0 14 0 17 1 0 2 0 0 0 12 0 0 0 0 0 0 0
1476998350 3 15 0 14 0 17 1 0 2 0 0 0 12 0 0 0 0 0 0 0
1476999169 3 16 0 14 0 17 1 0 2 0 0 0 12 0 0 0 0 0 0 0
1476999219 3 16 0 14 0 18 1 0 2 0 0 0 12 0 0 0 0 0 0 0
1476999243 3 16 0 14 0 19 1 0 2 0 0 0 12 0 0 0 0 0 0 0
1476999255 3 17 0 14 0 19 1 0 2 0 0 0 12 0 0 0 0 0 0 0
1477001038 3 17 0 15 0 19 1 0 2 0 0 0 12 0 0 0 0 0 0 0
1477002380 3 17 0 16 0 19 1 0 2 0 0 0 12 0 0 0 0 0 0 0
1477002659 3 17 0 17 0 19 1 0 2 0 0 0 12 0 0 0 0 0 0 0
1477002686 3 17 0 18 0 19 1 0 2 0 0 0 12 0 0 0 0 0 0 0
1477002801 3 17 0 19 0 19 1 0 2 0 0 0 12 0 0 0 0 0 0 0
1477002954 3 17 0 20 0 19 1 0 2 0 0 0 12 0 0 0 0 0 0 0
1477002993 3 17 0 21 0 19 1 0 2 0 0 0 12 0 0 0 0 0 0 0
1477004394 3 17 0 22 0 19 1 0 2 0 0 0 12 0 0 0 0 0 0 0
1477017772 4 17 0 22 0 19 1 0 2 0 0 0 12 0 0 0 0 0 0 0
1477018013 5 17 0 22 0 19 1 0 2 0 0 0 12 0 0 0 0 0 0 0
1477103780 6 17 0 22 0 19 1 0 2 0 0 0 12 0 0 0 0 0 0 0
1477427653 6 17 0 22 0 20 1 0 2 0 0 0 12 0 0 0 0 0 0 0
1477428449 7 17 0 22 0 20 1 0 2 0 0 0 12 0 0 0 0 0 0 0
1477428560 8 17 0 22 0 20 1 0 2 0 0 0 12 0 0 0 0 0 0 0
1477429779 8 18 0 22 0 20 1 0 2 0 0 0 12 0 0 0 0 0 0 0
1477429809 8 19 0 22 0 20 1 0 2 0 0 0 12 0 0 0 0 0 0 0
1477429857 8 20 0 22 0 20 1 0 2 0 0 0 12 0 0 0 0 0 0 0
1477429979 8 21 0 22 0 20 1 0 2 0 0 0 12 0 0 0 0 0 0 0
1477431345 8 21 0 23 0 20 1 0 2 0 0 0 12 0 0 0 0 0 0 0
1477431388 8 21 0 24 0 20 1 0 2 0 0 0 12 0 0 0 0 0 0 0
1477431452 8 21 0 25 0 20 1 0 2 0 0 0 12 0 0 0 0 0 0 0
1477431739 8 21 0 26 0 20 1 0 2 0 0 0 12 0 0 0 0 0 0 0
1477432438 8 21 0 27 0 20 1 0 2 0 0 0 12 0 0 0 0 0 0 0
1477433487 8 21 0 28 0 20 1 0 2 0 0 0 12 0 0 0 0 0 0 0
1477434192 8 21 0 29 0 20 1 0 2 0 0 0 12 0 0 0 0 0 0 0
1477434226 8 21 0 30 0 20 1 0 2 0 0 0 12 0 0 0 0 0 0 0
1477434429 8 21 0 31 0 20 1 0 2 0 0 0 12 0 0 0 0 0 0 0
1477434455 8 21 0 32 0 20 1 0 2 0 0 0 12 0 0 0 0 0 0 0
1477437123 8 22 0 32 0 20 1 0 2 0 0 0 12 0 0 0 0 0 0 0
1477437347 8 22 0 33 0 20 1 0 2 0 0 0 12 0 0 0 0 0 0 0
1477437640 8 23 0 33 0 20 1 0 2 0 0 0 12 0 0 0 0 0 0 0
1477437661 8 24 0 33 0 20 1 0 2 0 0 0 12 0 0 0 0 0 0 0
1477439382 8 25 0 33 0 20 1 0 2 0 0 0 12 0 0 0 0 0 0 0
1477446337 9 25 0 33 0 20 1 0 2 0 0 0 12 0 0 0 0 0 0 0
1477532484 10 25 0 33 0 20 1 0 2 0 0 0 12 0 0 0 0 0 0 0
1477532831 11 25 0 33 0 20 1 0 2 0 0 0 12 0 0 0 0 0 0 0
1477594659 11 25 0 33 0 21 1 0 2 0 0 0 12 0 0 0 0 0 0 0
1477597836 11 25 0 33 0 22 1 0 2 0 0 0 12 0 0 0 0 0 0 0
1477601353 11 25 0 33 0 23 1 0 2 0 0 0 12 0 0 0 0 0 0 0
1477601656 11 25 0 33 0 23 1 0 3 0 0 0 12 0 0 0 0 0 0 0
1477601881 11 25 0 33 0 23 1 0 4 0 0 0 12 0 0 0 0 0 0 0
1477608309 11 26 0 33 0 23 1 0 4 0 0 0 12 0 0 0 0 0 0 0
1477608360 11 27 0 33 0 23 1 0 4 0 0 0 12 0 0 0 0 0 0 0
1477701327 12 27 0 33 0 23 1 0 4 0 0 0 12 0 0 0 0 0 0 0
1477877463 13 27 0 33 0 23 1 0 4 0 0 0 12 0 0 0 0 0 0 0
1478027852 13 27 0 33 0 24 1 0 4 0 0 0 12 0 0 0 0 0 0 0
1478032789 13 28 0 33 0 24 1 0 4 0 0 0 12 0 0 0 0 0 0 0
1478033343 14 28 0 33 0 24 1 0 4 0 0 0 12 0 0 0 0 0 0 0
1478033377 14 29 0 33 0 24 1 0 4 0 0 0 12 0 0 0 0 0 0 0
1478033534 14 29 0 34 0 24 1 0 4 0 0 0 12 0 0 0 0 0 0 0
1478034674 14 29 0 34 0 25 1 0 4 0 0 0 12 0 0 0 0 0 0 0
1478034693 14 29 0 35 0 25 1 0 4 0 0 0 12 0 0 0 0 0 0 0
1478034713 14 29 0 35 0 26 1 0 4 0 0 0 12 0 0 0 0 0 0 0
1478036594 14 30 0 35 0 26 1 0 4 0 0 0 12 0 0 0 0 0 0 0
1478037640 14 30 0 36 0 26 1 0 4 0 0 0 12 0 0 0 0 0 0 0
1478037952 14 31 0 36 0 26 1 0 4 0 0 0 12 0 0 0 0 0 0 0
1478038130 14 31 0 36 0 26 2 0 4 0 0 0 12 0 0 0 0 0 0 0
1478038338 14 31 0 36 0 26 3 0 4 0 0 0 12 0 0 0 0 0 0 0
1478038462 14 32 0 36 0 26 3 0 4 0 0 0 12 0 0 0 0 0 0 0
1478040209 14 32 0 36 0 27 3 0 4 0 0 0 12 0 0 0 0 0 0 0
1478041261 14 32 0 36 0 28 3 0 4 0 0 0 12 0 0 0 0 0 0 0
1478041419 14 32 0 36 0 28 4 0 4 0 0 0 12 0 0 0 0 0 0 0
1478041436 14 32 0 36 0 28 5 0 4 0 0 0 12 0 0 0 0 0 0 0
1478043101 14 33 0 36 0 28 5 0 4 0 0 0 12 0 0 0 0 0 0 0
1478043222 14 34 0 36 0 28 5 0 4 0 0 0 12 0 0 0 0 0 0 0
1478046335 15 34 0 36 0 28 5 0 4 0 0 0 12 0 0 0 0 0 0 0
1478046507 16 34 0 36 0 28 5 0 4 0 0 0 12 0 0 0 0 0 0 0
1478046985 17 34 0 36 0 28 5 0 4 0 0 0 12 0 0 0 0 0 0 0
1478047069 18 34 0 36 0 28 5 0 4 0 0 0 12 0 0 0 0 0 0 0
1478047138 19 34 0 36 0 28 5 0 4 0 0 0 12 0 0 0 0 0 0 0
1478047373 20 34 0 36 0 28 5 0 4 0 0 0 12 0 0 0 0 0 0 0
1478047643 21 34 0 36 0 28 5 0 4 0 0 0 12 0 0 0 0 0 0 0
1478205967 21 35 0 36 0 28 5 0 4 0 0 0 12 0 0 0 0 0 0 0
1478205980 21 36 0 36 0 28 5 0 4 0 0 0 12 0 0 0 0 0 0 0
1478207250 21 36 0 36 0 29 5 0 4 0 0 0 12 0 0 0 0 0 0 0
1478207256 21 36 0 36 0 30 5 0 4 0 0 0 12 0 0 0 0 0 0 0
1478207389 21 36 0 36 0 30 5 0 5 0 0 0 12 0 0 0 0 0 0 0
1478207455 21 36 0 36 0 30 5 0 6 0 0 0 12 0 0 0 0 0 0 0
1478207590 21 36 0 36 0 30 6 0 6 0 0 0 12 0 0 0 0 0 0 0
1478207902 21 37 0 36 0 30 6 0 6 0 0 0 12 0 0 0 0 0 0 0
1478207952 21 38 0 36 0 30 6 0 6 0 0 0 12 0 0 0 0 0 0 0
1478208497 22 38 0 36 0 30 6 0 6 0 0 0 12 0 0 0 0 0 0 0
1478208678 23 38 0 36 0 30 6 0 6 0 0 0 12 0 0 0 0 0 0 0
1478210055 23 39 0 36 0 30 6 0 6 0 0 0 12 0 0 0 0 0 0 0
1478210182 23 40 0 36 0 30 6 0 6 0 0 0 12 0 0 0 0 0 0 0
1478213110 24 40 0 36 0 30 6 0 6 0 0 0 12 0 0 0 0 0 0 0
1478213297 25 40 0 36 0 30 6 0 6 0 0 0 12 0 0 0 0 0 0 0
1478213616 25 40 0 37 0 30 6 0 6 0 0 0 12 0 0 0 0 0 0 0
1478213702 25 40 0 38 0 30 6 0 6 0 0 0 12 0 0 0 0 0 0 0
1478213740 26 40 0 38 0 30 6 0 6 0 0 0 12 0 0 0 0 0 0 0
1478214939 26 41 0 38 0 30 6 0 6 0 0 0 12 0 0 0 0 0 0 0
1478229847 27 41 0 38 0 30 6 0 6 0 0 0 12 0 0 0 0 0 0 0
1478229882 28 41 0 38 0 30 6 0 6 0 0 0 12 0 0 0 0 0 0 0
1478495447 29 41 0 38 0 30 6 0 6 0 0 0 12 0 0 0 0 0 0 0
1478642017 29 42 0 38 0 30 6 0 6 0 0 0 12 0 0 0 0 0 0 0
1478645482 29 43 0 38 0 30 6 0 6 0 0 0 12 0 0 0 0 0 0 0
1478646385 29 43 0 38 0 31 6 0 6 0 0 0 12 0 0 0 0 0 0 0
1478646443 29 43 0 38 0 32 6 0 6 0 0 0 12 0 0 0 0 0 0 0
1478646633 29 44 0 38 0 32 6 0 6 0 0 0 12 0 0 0 0 0 0 0
1478646983 29 45 0 38 0 32 6 0 6 0 0 0 12 0 0 0 0 0 0 0
1478649063 29 45 0 38 0 32 6 0 7 0 0 0 12 0 0 0 0 0 0 0
1478649275 29 45 0 39 0 32 6 0 7 0 0 0 12 0 0 0 0 0 0 0
1478649336 29 45 0 40 0 32 6 0 7 0 0 0 12 0 0 0 0 0 0 0
1478649422 29 45 0 40 0 32 6 0 8 0 0 0 12 0 0 0 0 0 0 0
1478650935 29 46 0 40 0 32 6 0 8 0 0 0 12 0 0 0 0 0 0 0
1478810225 30 46 0 40 0 32 6 0 8 0 0 0 12 0 0 0 0 0 0 0
1478814960 30 47 0 40 0 32 6 0 8 0 0 0 12 0 0 0 0 0 0 0
1478815413 31 47 0 40 0 32 6 0 8 0 0 0 12 0 0 0 0 0 0 0
1478815564 31 47 0 40 0 33 6 0 8 0 0 0 12 0 0 0 0 0 0 0
1478815734 31 48 0 40 0 33 6 0 8 0 0 0 12 0 0 0 0 0 0 0
1478815787 31 49 0 40 0 33 6 0 8 0 0 0 12 0 0 0 0 0 0 0
1478817915 31 49 0 40 0 33 7 0 8 0 0 0 12 0 0 0 0 0 0 0
1478818622 32 49 0 40 0 33 7 0 8 0 0 0 12 0 0 0 0 0 0 0
1478818650 33 49 0 40 0 33 7 0 8 0 0 0 12 0 0 0 0 0 0 0
1478818808 34 49 0 40 0 33 7 0 8 0 0 0 12 0 0 0 0 0 0 0
1478823117 34 50 0 40 0 33 7 0 8 0 0 0 12 0 0 0 0 0 0 0
1479244408 34 50 0 40 0 34 7 0 8 0 0 0 12 0 0 0 0 0 0 0
1479244772 34 50 0 40 0 34 7 0 9 0 0 0 12 0 0 0 0 0 0 0
1479245113 34 50 0 40 0 34 7 0 10 0 0 0 12 0 0 0 0 0 0 0
1479246302 34 50 0 41 0 34 7 0 10 0 0 0 12 0 0 0 0 0 0 0
1479246894 34 51 0 41 0 34 7 0 10 0 0 0 12 0 0 0 0 0 0 0
1479247514 34 51 0 41 0 35 7 0 10 0 0 0 12 0 0 0 0 0 0 0
1479247567 34 52 0 41 0 35 7 0 10 0 0 0 12 0 0 0 0 0 0 0
1479247642 34 53 0 41 0 35 7 0 10 0 0 0 12 0 0 0 0 0 0 0
1479247719 34 54 0 41 0 35 7 0 10 0 0 0 12 0 0 0 0 0 0 0
1479247747 34 55 0 41 0 35 7 0 10 0 0 0 12 0 0 0 0 0 0 0
1479248345 34 55 0 41 0 36 7 0 10 0 0 0 12 0 0 0 0 0 0 0
1479250338 34 55 0 41 0 36 8 0 10 0 0 0 12 0 0 0 0 0 0 0
1479252163 34 55 0 41 0 36 8 0 11 0 0 0 12 0 0 0 0 0 0 0
1479254216 34 56 0 41 0 36 8 0 11 0 0 0 12 0 0 0 0 0 0 0
1479254995 34 57 0 41 0 36 8 0 11 0 0 0 12 0 0 0 0 0 0 0
1479255211 35 57 0 41 0 36 8 0 11 0 0 0 12 0 0 0 0 0 0 0
1479419133 35 58 0 41 0 36 8 0 11 0 0 0 12 0 0 0 0 0 0 0
1479422443 35 59 0 41 0 36 8 0 11 0 0 0 12 0 0 0 0 0 0 0
1479424373 36 59 0 41 0 36 8 0 11 0 0 0 12 0 0 0 0 0 0 0
1479424596 37 59 0 41 0 36 8 0 11 0 0 0 12 0 0 0 0 0 0 0
1479424883 38 59 0 41 0 36 8 0 11 0 0 0 12 0 0 0 0 0 0 0
1479425386 38 60 0 41 0 36 8 0 11 0 0 0 12 0 0 0 0 0 0 0
1479425391 38 61 0 41 0 36 8 0 11 0 0 0 12 0 0 0 0 0 0 0
1479426749 38 62 0 41 0 36 8 0 11 0 0 0 12 0 0 0 0 0 0 0
1479426762 38 63 0 41 0 36 8 0 11 0 0 0 12 0 0 0 0 0 0 0
1479426990 38 63 0 42 0 36 8 0 11 0 0 0 12 0 0 0 0 0 0 0
1479427036 38 63 0 43 0 36 8 0 11 0 0 0 12 0 0 0 0 0 0 0
1479427076 38 63 0 44 0 36 8 0 11 0 0 0 12 0 0 0 0 0 0 0
1479430674 38 64 0 44 0 36 8 0 11 0 0 0 12 0 0 0 0 0 0 0
1479430777 38 65 0 44 0 36 8 0 11 0 0 0 12 0 0 0 0 0 0 0
1479855792 38 66 0 44 0 36 8 0 11 0 0 0 12 0 0 0 0 0 0 0
1480454906 38 66 0 45 0 36 8 0 11 0 0 0 12 0 0 0 0 0 0 0
1480454935 38 66 0 46 0 36 8 0 11 0 0 0 12 0 0 0 0 0 0 0
1480455384 38 67 0 46 0 36 8 0 11 0 0 0 12 0 0 0 0 0 0 0
1480455451 38 68 0 46 0 36 8 0 11 0 0 0 12 0 0 0 0 0 0 0
1480456333 38 68 0 46 0 36 8 0 12 0 0 0 12 0 0 0 0 0 0 0
1480456759 38 68 0 46 0 36 8 0 12 0 0 0 12 0 0 0 0 0 0 1
1480457727 38 68 0 47 0 36 8 0 12 0 0 0 12 0 0 0 0 0 0 1
1480457772 38 68 0 48 0 36 8 0 12 0 0 0 12 0 0 0 0 0 0 1
1480459037 38 68 0 48 0 37 8 0 12 0 0 0 12 0 0 0 0 0 0 1
1480459047 38 68 0 48 0 38 8 0 12 0 0 0 12 0 0 0 0 0 0 1
1480459298 38 68 0 48 0 38 8 0 13 0 0 0 12 0 0 0 0 0 0 1
1480459543 38 68 0 48 0 38 8 0 14 0 0 0 12 0 0 0 0 0 0 1
1480461025 38 68 0 48 0 38 8 0 15 0 0 0 12 0 0 0 0 0 0 1
1480462990 38 69 0 48 0 38 8 0 15 0 0 0 12 0 0 0 0 0 0 1
1480463107 38 70 0 48 0 38 8 0 15 0 0 0 12 0 0 0 0 0 0 1
1480465555 39 70 0 48 0 38 8 0 15 0 0 0 12 0 0 0 0 0 0 1
1480466026 40 70 0 48 0 38 8 0 15 0 0 0 12 0 0 0 0 0 0 1
1480466179 41 70 0 48 0 38 8 0 15 0 0 0 12 0 0 0 0 0 0 1
1480630827 41 70 0 48 0 39 8 0 15 0 0 0 12 0 0 0 0 0 0 1
1480632853 41 70 0 48 0 40 8 0 15 0 0 0 12 0 0 0 0 0 0 1
1480634666 41 71 0 48 0 40 8 0 15 0 0 0 12 0 0 0 0 0 0 1
1480634709 41 72 0 48 0 40 8 0 15 0 0 0 12 0 0 0 0 0 0 1
1480635833 41 73 0 48 0 40 8 0 15 0 0 0 12 0 0 0 0 0 0 1
1480641661 42 73 0 48 0 40 8 0 15 0 0 0 12 0 0 0 0 0 0 1
1480890712 42 73 0 48 0 40 8 0 15 0 0 0 12 0 0 1 0 0 0 1
1481057850 42 73 0 48 0 41 8 0 15 0 0 0 12 0 0 1 0 0 0 1
1481059967 42 74 0 48 0 41 8 0 15 0 0 0 12 0 0 1 0 0 0 1
1481060008 42 75 0 48 0 41 8 0 15 0 0 0 12 0 0 1 0 0 0 1
1481063398 42 75 0 48 0 42 8 0 15 0 0 0 12 0 0 1 0 0 0 1
1481063497 42 76 0 48 0 42 8 0 15 0 0 0 12 0 0 1 0 0 0 1
1481063533 42 77 0 48 0 42 8 0 15 0 0 0 12 0 0 1 0 0 0 1
1481064014 42 77 0 49 0 42 8 0 15 0 0 0 12 0 0 1 0 0 0 1
1481064056 42 77 0 50 0 42 8 0 15 0 0 0 12 0 0 1 0 0 0 1
1481064475 42 77 0 51 0 42 8 0 15 0 0 0 12 0 0 1 0 0 0 1
1481064494 42 77 0 51 0 42 8 0 16 0 0 0 12 0 0 1 0 0 0 1
1481064524 42 77 0 51 0 42 8 0 17 0 0 0 12 0 0 1 0 0 0 1
1481064696 42 77 0 52 0 42 8 0 17 0 0 0 12 0 0 1 0 0 0 1
1481066032 42 77 0 52 0 42 9 0 17 0 0 0 12 0 0 1 0 0 0 1
1481067196 42 78 0 52 0 42 9 0 17 0 0 0 12 0 0 1 0 0 0 1
1481067389 42 79 0 52 0 42 9 0 17 0 0 0 12 0 0 1 0 0 0 1
1481071362 43 79 0 52 0 42 9 0 17 0 0 0 12 0 0 1 0 0 0 1
1481072646 44 79 0 52 0 42 9 0 17 0 0 0 12 0 0 1 0 0 0 1
1481075406 45 79 0 52 0 42 9 0 17 0 0 0 12 0 0 1 0 0 0 1
1481075524 46 79 0 52 0 42 9 0 17 0 0 0 12 0 0 1 0 0 0 1
1481234832 46 79 0 53 0 42 9 0 17 0 0 0 12 0 0 1 0 0 0 1
1481234917 46 79 0 54 0 42 9 0 17 0 0 0 12 0 0 1 0 0 0 1
1481234954 46 79 0 55 0 42 9 0 17 0 0 0 12 0 0 1 0 0 0 1
1481235006 46 79 0 55 0 43 9 0 17 0 0 0 12 0 0 1 0 0 0 1
1481235029 46 79 0 55 0 44 9 0 17 0 0 0 12 0 0 1 0 0 0 1
1481237561 46 80 0 55 0 44 9 0 17 0 0 0 12 0 0 1 0 0 0 1
1481237578 46 81 0 55 0 44 9 0 17 0 0 0 12 0 0 1 0 0 0 1
1481237633 47 81 0 55 0 44 9 0 17 0 0 0 12 0 0 1 0 0 0 1
1481237640 48 81 0 55 0 44 9 0 17 0 0 0 12 0 0 1 0 0 0 1
1481237787 48 82 0 55 0 44 9 0 17 0 0 0 12 0 0 1 0 0 0 1
1481239508 48 82 0 55 0 44 10 0 17 0 0 0 12 0 0 1 0 0 0 1
1481241393 48 83 0 55 0 44 10 0 17 0 0 0 12 0 0 1 0 0 0 1
1481241770 49 83 0 55 0 44 10 0 17 0 0 0 12 0 0 1 0 0 0 1
1481241883 50 83 0 55 0 44 10 0 17 0 0 0 12 0 0 1 0 0 0 1
1481241924 50 84 0 55 0 44 10 0 17 0 0 0 12 0 0 1 0 0 0 1
1481242862 50 85 0 55 0 44 10 0 17 0 0 0 12 0 0 1 0 0 0 1
1481242881 50 86 0 55 0 44 10 0 17 0 0 0 12 0 0 1 0 0 0 1
1481347086 50 86 0 55 0 44 10 0 17 0 0 0 12 0 0 2 0 0 0 1
1481655564 50 86 0 55 0 44 10 0 17 0 0 1 12 0 0 2 0 0 0 1
1481662031 50 86 0 55 0 44 10 0 17 0 0 2 12 0 0 2 0 0 0 1
1481667885 50 87 0 55 0 44 10 0 17 0 0 2 12 0 0 2 0 0 0 1
1481667996 50 88 0 55 0 44 10 0 17 0 0 2 12 0 0 2 0 0 0 1
1481668146 50 89 0 55 0 44 10 0 17 0 0 2 12 0 0 2 0 0 0 1
1481668965 50 90 0 55 0 44 10 0 17 0 0 2 12 0 0 2 0 0 0 1
1481669003 50 91 0 55 0 44 10 0 17 0 0 2 12 0 0 2 0 0 0 1
1481670780 50 91 0 55 0 44 11 0 17 0 0 2 12 0 0 2 0 0 0 1
1481673772 50 92 0 55 0 44 11 0 17 0 0 2 12 0 0 2 0 0 0 1
1481674608 50 92 0 55 0 44 12 0 17 0 0 2 12 0 0 2 0 0 0 1
1481829191 50 92 0 55 0 45 12 0 17 0 0 2 12 0 0 2 0 0 0 1
1481830445 50 93 0 55 0 45 12 0 17 0 0 2 12 0 0 2 0 0 0 1
1481830684 50 94 0 55 0 45 12 0 17 0 0 2 12 0 0 2 0 0 0 1
1481833056 50 95 0 55 0 45 12 0 17 0 0 2 12 0 0 2 0 0 0 1
1481835401 50 95 0 55 0 46 12 0 17 0 0 2 12 0 0 2 0 0 0 1
1481837071 50 96 0 55 0 46 12 0 17 0 0 2 12 0 0 2 0 0 0 1
1481837118 50 97 0 55 0 46 12 0 17 0 0 2 12 0 0 2 0 0 0 1
1481837170 50 98 0 55 0 46 12 0 17 0 0 2 12 0 0 2 0 0 0 1
1481855817 50 99 0 55 0 46 12 0 17 0 0 2 12 0 0 2 0 0 0 1
1483602307 50 99 0 55 0 46 13 0 17 0 0 2 12 0 0 2 0 0 0 1
1485302659 50 99 0 55 0 46 13 1 17 0 0 2 12 0 0 2 0 0 0 1
1485473184 50 99 0 55 0 46 13 1 17 0 1 2 12 0 0 2 0 0 0 1
1485508808 50 99 1 55 0 46 13 1 17 0 1 2 12 0 0 2 0 0 0 1
1485572758 50 99 2 55 0 46 13 1 17 0 1 2 12 0 0 2 0 0 0 1
1485898883 50 99 2 55 0 46 13 1 17 0 1 2 12 0 1 2 0 0 0 1
1485899002 50 99 2 55 0 46 13 1 17 0 1 2 12 0 2 2 0 0 0 1
1485901110 50 99 2 55 0 46 13 1 17 0 1 2 12 1 2 2 0 0 0 1
1485902585 50 99 3 55 0 46 13 1 17 0 1 2 12 1 2 2 0 0 0 1
1485906466 50 99 3 55 0 46 13 1 17 0 2 2 12 1 2 2 0 0 0 1
1485906516 50 99 3 55 0 46 13 1 17 0 3 2 12 1 2 2 0 0 0 1
1485906565 50 99 3 55 0 46 13 1 17 0 4 2 12 1 2 2 0 0 0 1
1486011736 50 99 3 55 0 46 13 1 17 0 4 2 12 2 2 2 0 0 0 1
1486011753 50 99 3 55 0 46 13 1 17 0 4 2 12 3 2 2 0 0 0 1
1486015824 50 99 3 55 0 46 13 1 17 0 4 2 12 4 2 2 0 0 0 1
1486065364 50 99 3 55 0 46 13 1 17 0 4 2 12 5 2 2 0 0 0 1
1486069990 51 99 3 55 0 46 13 1 17 0 4 2 12 5 2 2 0 0 0 1
1486070390 52 99 3 55 0 46 13 1 17 0 4 2 12 5 2 2 0 0 0 1
1486071607 52 99 3 55 0 46 13 1 17 1 4 2 12 5 2 2 0 0 0 1
1486071702 52 99 3 55 0 46 13 1 17 2 4 2 12 5 2 2 0 0 0 1
1486072822 52 99 3 55 0 46 13 1 17 2 4 2 12 5 3 2 0 0 0 1
1486076744 52 99 3 55 0 46 14 1 17 2 4 2 12 5 3 2 0 0 0 1
1486077639 52 99 3 55 0 46 14 1 17 2 4 2 12 6 3 2 0 0 0 1
1486078339 52 99 3 55 0 46 14 1 17 3 4 2 12 6 3 2 0 0 0 1
1486079064 52 99 4 55 0 46 14 1 17 3 4 2 12 6 3 2 0 0 0 1
1486079953 52 99 5 55 0 46 14 1 17 3 4 2 12 6 3 2 0 0 0 1
1486083393 52 99 6 55 0 46 14 1 17 3 4 2 12 6 3 2 0 0 0 1
1486114142 52 99 6 55 1 46 14 1 17 3 4 2 12 6 3 2 0 0 0 1
1486506615 52 99 6 55 1 46 14 1 17 3 4 2 12 6 4 2 0 0 0 1
1486507293 52 99 6 55 1 46 14 1 17 3 5 2 12 6 4 2 0 0 0 1
1486509316 52 99 6 55 1 46 14 1 17 3 5 2 12 6 5 2 0 0 0 1
1486509704 52 99 6 55 1 46 15 1 17 3 5 2 12 6 5 2 0 0 0 1
1486510216 52 99 6 55 1 46 15 1 17 3 5 2 12 6 6 2 0 0 0 1
1486510629 52 99 6 55 1 46 16 1 17 3 5 2 12 6 6 2 0 0 0 1
1486511464 52 99 7 55 1 46 16 1 17 3 5 2 12 6 6 2 0 0 0 1
1486680690 52 99 7 55 2 46 16 1 17 3 5 2 12 9 6 2 0 0 0 1
1486781449 52 99 7 55 3 46 16 1 17 3 5 2 12 9 6 2 0 0 0 1
1486795046 52 99 8 55 3 46 16 1 17 3 5 2 12 9 6 2 0 0 0 1
1486795166 52 99 9 55 3 46 16 1 17 3 5 2 12 9 6 2 0 0 0 1
1486933449 52 99 10 55 3 46 16 1 17 3 5 2 12 9 6 2 0 0 0 1
1486933908 52 99 11 55 3 46 16 1 17 3 5 2 12 9 6 2 0 0 0 1
1487102069 52 99 11 55 4 46 16 1 17 3 5 2 12 9 6 2 0 0 0 1
1487102139 52 99 11 55 5 46 16 1 17 3 5 2 12 9 6 2 0 0 0 1
1487109712 52 99 11 55 5 46 16 1 17 3 6 2 12 9 6 2 0 0 0 1
1487116520 52 99 12 55 5 46 16 1 17 3 6 2 12 9 6 2 0 0 0 1
1487117222 52 99 12 55 6 46 16 1 17 4 6 2 12 9 6 2 0 0 0 1
1487280957 52 99 12 55 6 46 16 1 17 5 6 2 12 9 6 2 0 0 0 1
1487281026 52 99 12 55 6 46 16 1 17 6 6 2 12 9 6 2 0 0 0 1
1487283351 52 99 12 55 6 46 16 1 18 6 6 2 12 9 6 2 0 0 0 1
1487283570 52 99 12 55 6 46 16 1 19 6 6 2 12 9 6 2 0 0 0 1
1487285367 52 99 13 55 6 46 16 1 19 6 6 2 12 9 6 2 0 0 0 1
1487286058 52 99 14 55 6 46 16 1 19 6 6 2 12 9 6 2 0 0 0 1
1487286077 52 99 15 55 6 46 16 1 19 6 6 2 12 9 6 2 0 0 0 1
1487286490 52 99 16 55 6 46 16 1 19 6 6 2 12 9 6 2 0 0 0 1
1487286871 52 99 17 55 6 46 16 1 19 6 6 2 12 9 6 2 0 0 0 1
1487287461 52 99 18 55 6 46 16 1 19 6 6 2 12 9 6 2 0 0 0 1
1487287902 52 99 18 55 6 46 16 1 19 6 6 2 12 9 7 2 0 0 0 1
1487289447 52 99 18 55 6 46 16 1 19 6 6 2 12 9 8 2 0 0 0 1
1487289534 52 99 18 55 6 46 16 1 19 6 6 2 12 9 9 2 0 0 0 1
1487290344 52 99 18 55 7 46 16 1 19 6 6 2 12 9 9 2 0 0 0 1
1487296317 52 99 18 55 8 46 16 1 19 6 6 2 12 9 9 2 0 0 0 1
1487319780 53 99 18 55 8 46 16 1 19 6 6 2 12 9 9 2 0 0 0 1
1487326003 53 99 19 55 8 46 16 1 19 6 6 2 12 9 9 2 0 0 0 1
1487333499 53 99 20 55 8 46 16 1 19 6 6 2 12 9 9 2 0 0 0 1
1487343611 53 99 21 55 8 46 16 1 19 6 6 2 12 9 9 2 0 0 0 1
1487499237 53 99 21 55 8 46 16 1 19 6 6 3 12 9 9 2 0 0 0 1
1487658411 53 99 21 55 8 46 16 1 19 6 6 4 12 9 9 2 0 0 0 1
1487669132 53 99 21 55 8 46 16 1 19 6 6 5 12 9 9 2 0 0 0 1
1487715804 53 99 22 55 8 46 16 1 19 6 6 5 12 9 9 2 0 0 0 1
1487716049 53 99 22 55 8 46 16 1 19 6 7 5 12 9 9 2 0 0 0 1
1487833328 53 99 23 55 8 46 16 1 19 6 7 5 12 9 9 2 0 0 0 1
1487833403 53 99 24 55 8 46 16 1 19 6 7 5 12 9 9 2 0 0 0 1
1487833763 53 99 25 55 8 46 16 1 19 6 7 5 12 9 9 2 0 0 0 1
1487836338 53 99 26 55 8 46 16 1 19 6 7 5 12 9 9 2 0 0 0 1
1487856343 53 99 26 55 8 46 16 1 19 6 7 6 12 9 9 2 0 0 0 1
1487888109 53 99 26 55 8 46 16 2 19 6 7 6 12 9 9 2 0 0 0 1
1487889096 53 99 27 55 8 46 16 2 19 6 7 6 12 9 9 2 0 0 0 1
1487889545 53 99 27 55 8 46 16 2 19 6 7 6 12 10 9 2 0 0 0 1
1487890422 53 99 27 55 8 46 16 2 19 6 8 6 12 10 9 2 0 0 0 1
1487890443 54 99 27 55 8 46 16 2 19 6 8 6 12 10 9 2 0 0 0 1
1487890792 54 99 27 55 8 46 16 2 19 6 8 6 12 10 9 3 0 0 0 1
1487890982 54 99 27 55 8 46 16 2 19 6 8 6 12 10 9 4 0 0 0 1
1487902044 54 99 27 55 9 46 16 2 19 6 8 6 12 10 9 4 0 0 0 1
1487909836 54 99 28 55 9 46 16 2 19 6 8 6 12 10 9 4 0 0 0 1
1487927077 55 99 28 55 9 46 16 2 19 6 8 6 12 10 9 4 0 0 0 1
1487981212 55 99 28 55 9 46 17 2 19 6 8 6 12 10 9 4 0 0 0 1
1487984798 55 99 29 55 9 46 17 2 19 6 8 6 12 10 9 4 0 0 0 1
1487985255 55 99 30 55 9 46 17 2 19 6 8 6 12 10 9 4 0 0 0 1
1488010083 56 99 30 55 9 46 17 2 19 6 8 6 12 10 9 4 0 0 0 1
1488752147 57 99 30 55 9 46 17 2 19 6 8 6 12 10 9 4 0 0 0 1
1488752676 58 99 30 55 9 46 17 2 19 6 8 6 12 10 9 4 0 0 0 1
1488779970 58 99 30 55 10 46 17 2 19 6 8 6 12 10 9 4 0 0 0 1
1488795652 58 99 30 55 10 46 17 3 19 6 8 6 12 10 9 4 0 0 0 1
1488917263 59 99 30 55 10 46 17 3 19 6 8 6 12 10 9 4 0 0 0 1
1488928667 59 99 30 55 10 46 17 3 19 8 8 6 12 10 9 4 0 0 0 1
1488929062 59 99 30 55 10 46 17 3 19 8 9 6 12 10 9 4 0 0 0 1
1488930200 59 99 30 55 10 46 17 3 19 9 10 6 12 10 9 4 0 0 0 1
1488932487 59 99 30 55 10 46 17 4 19 9 10 6 12 10 9 4 0 0 0 1
1489006867 60 99 30 55 10 46 17 4 19 9 10 6 12 10 9 4 0 0 0 1
1489011479 60 99 30 55 11 46 17 4 19 9 10 6 12 10 9 4 0 0 0 1
1489012029 60 99 30 55 12 46 17 4 19 9 10 6 12 10 9 4 0 0 0 1
1489019002 60 99 30 55 13 46 17 4 19 9 10 6 12 10 9 4 0 0 0 1
1489019077 60 99 30 55 14 46 17 4 19 9 10 6 12 10 9 4 0 0 0 1
1489091351 60 99 31 55 14 46 17 4 19 9 10 6 12 10 9 4 0 0 0 1
1489100150 60 99 31 55 14 46 17 4 19 9 11 6 12 10 9 4 0 0 0 1
1489100576 60 99 31 55 14 46 18 4 19 9 11 6 12 10 9 4 0 0 0 1
1489103620 60 99 31 55 14 46 18 4 19 9 12 6 12 10 9 4 0 0 0 1
1489105222 61 99 31 55 14 46 18 4 19 9 12 6 12 10 9 4 0 0 0 1
1489105303 62 99 31 55 14 46 18 4 19 9 12 6 12 10 9 4 0 0 0 1
1489105499 62 99 32 55 14 46 18 4 19 9 12 6 12 10 9 4 0 0 0 1
1489105547 62 99 33 55 14 46 18 4 19 9 12 6 12 10 9 4 0 0 0 1
1489105553 62 99 34 55 14 46 18 4 19 9 12 6 12 10 9 4 0 0 0 1
1489107183 63 99 34 55 14 46 18 4 19 9 12 6 12 10 9 4 0 0 0 1
1489528359 63 99 34 55 15 46 18 4 19 9 12 6 12 10 9 4 0 0 0 1
1489528543 63 99 35 55 15 46 18 4 19 9 12 6 12 10 9 4 0 0 0 1
1489528863 63 99 35 55 16 46 18 4 19 9 12 6 12 10 9 4 0 0 0 1
1489529099 63 99 35 55 17 46 18 4 19 9 12 6 12 10 9 4 0 0 0 1
1489529168 63 99 35 55 18 46 18 4 19 9 12 6 12 10 9 4 0 0 0 1
1489529513 63 99 35 55 19 46 18 4 19 9 12 6 12 10 9 4 0 0 0 1
1489530549 63 99 36 55 19 46 18 4 19 9 12 6 12 10 9 4 0 0 0 1
1489530969 63 99 37 55 19 46 18 4 19 9 12 6 12 10 9 4 0 0 0 1
1489533982 63 99 37 55 20 46 18 4 19 9 12 6 12 10 9 4 0 0 0 1
1489534135 63 99 37 55 21 46 18 4 19 9 12 6 12 10 9 4 0 0 0 1
1489640529 63 99 37 55 22 46 18 4 19 9 12 6 12 10 9 4 0 0 0 1
1489703484 63 99 37 55 22 46 19 4 19 9 12 6 12 10 9 4 0 0 0 1
1489703684 63 99 37 55 22 46 20 4 19 9 12 6 12 10 9 4 0 0 0 1
1489703685 63 99 37 55 22 46 21 4 19 9 12 6 12 10 9 4 0 0 0 1
1489873225 64 99 37 55 22 46 21 4 19 9 12 6 12 10 9 4 0 0 0 1
1489876558 65 99 37 55 22 46 21 4 19 9 12 6 12 10 9 4 0 0 0 1
1489881884 66 99 37 55 22 46 21 4 19 9 12 6 12 10 9 4 0 0 0 1
1489886415 67 99 37 55 22 46 21 4 19 9 12 6 12 10 9 4 0 0 0 1
1489900898 68 99 37 55 22 46 21 4 19 9 12 6 12 10 9 4 0 0 0 1
1489903376 69 99 37 55 22 46 21 4 19 9 12 6 12 10 9 4 0 0 0 1
1490041845 70 99 37 55 22 46 21 4 19 9 12 6 12 10 9 4 0 0 0 1
1490072589 70 99 38 55 22 46 21 4 19 9 12 6 12 10 9 4 0 0 0 1
1490127182 70 99 38 55 22 46 21 4 19 10 12 6 12 10 9 4 0 0 0 1
1490131971 70 99 38 55 22 46 21 4 19 11 12 6 12 10 9 4 0 0 0 1
1490132218 70 99 39 55 22 46 21 4 19 11 12 6 12 10 9 4 0 0 0 1
1490132240 70 99 40 55 22 46 21 4 19 11 12 6 12 10 9 4 0 0 0 1
1490138753 70 99 41 55 22 46 21 4 19 11 12 6 12 10 9 4 0 0 0 1
1490215121 71 99 41 55 22 46 21 4 19 11 12 6 12 10 9 4 0 0 0 1
1490215424 72 99 41 55 22 46 21 4 19 11 12 6 12 10 9 4 0 0 0 1
1490216845 73 99 41 55 22 46 21 4 19 11 12 6 12 10 9 4 0 0 0 1
1490218622 74 99 41 55 22 46 21 4 19 11 12 6 12 10 9 4 0 0 0 1
1490220616 75 99 41 55 22 46 21 4 19 11 12 6 12 10 9 4 0 0 0 1
1490302521 75 99 41 55 22 46 21 4 19 12 12 6 12 10 9 4 0 0 0 1
1490307339 75 99 41 55 22 46 21 4 19 12 12 6 12 10 10 4 0 0 0 1
1490308261 76 99 41 55 22 46 21 4 19 12 12 6 12 10 10 4 0 0 0 1
1490309443 76 99 42 55 22 46 21 4 19 12 12 6 12 10 10 4 0 0 0 1
1490310502 76 99 43 55 22 46 21 4 19 12 12 6 12 10 10 4 0 0 0 1
1490310632 76 99 43 55 22 46 21 4 19 12 12 6 12 10 10 5 0 0 0 1
1490310853 76 99 44 55 22 46 21 4 19 12 12 6 12 10 10 5 0 0 0 1
1490311409 76 99 45 55 22 46 21 4 19 12 12 6 12 10 10 5 0 0 0 1
1490325583 76 99 45 55 22 46 21 5 19 12 12 6 12 10 10 5 0 0 0 1
1490508589 77 99 45 55 22 46 21 5 19 12 12 6 12 10 10 5 0 0 0 1
1490510078 78 99 45 55 22 46 21 5 19 12 12 6 12 10 10 5 0 0 0 1
1490510162 79 99 45 55 22 46 21 5 19 12 12 6 12 10 10 5 0 0 0 1
1490522146 79 99 45 55 22 46 21 5 19 12 12 7 12 10 10 5 0 0 0 1
1490557273 80 99 45 55 22 46 21 5 19 12 12 7 12 10 10 5 0 0 0 1
1490557672 81 99 45 55 22 46 21 5 19 12 12 7 12 10 10 5 0 0 0 1
1490562615 81 99 46 55 22 46 21 5 19 12 12 7 12 10 10 5 0 0 0 1
1490563536 82 99 46 55 22 46 21 5 19 12 12 7 12 10 10 5 0 0 0 1
1490576217 83 99 46 55 22 46 21 5 19 12 12 7 12 10 10 5 0 0 0 1
1490576252 84 99 46 55 22 46 21 5 19 12 12 7 12 10 10 5 0 0 0 1
1490576653 85 99 46 55 22 46 21 5 19 12 12 7 12 10 10 5 0 0 0 1
1490577023 86 99 46 55 22 46 21 5 19 12 12 7 12 10 10 5 0 0 0 1
1490581144 87 99 46 55 22 46 21 5 19 12 12 7 12 10 10 5 0 0 0 1
1490598328 87 99 46 55 23 46 21 5 19 12 12 7 12 10 10 5 0 0 0 1
1490682369 87 99 46 55 23 46 21 5 19 12 12 8 12 10 10 5 0 0 0 1
1490686377 87 99 46 55 23 46 21 5 19 12 12 9 12 10 10 5 0 0 0 1
1490734138 87 99 46 55 23 46 21 5 19 13 12 9 12 10 10 5 0 0 0 1
1490735647 87 99 46 55 23 46 21 5 19 13 12 9 12 10 10 6 0 0 0 1
1490735663 88 99 46 55 23 46 21 5 19 13 12 9 12 10 10 6 0 0 0 1
1490737341 88 99 46 55 23 46 21 5 19 14 12 9 12 10 10 6 0 0 0 1
1490737661 88 99 46 55 23 46 21 5 19 14 12 9 12 10 10 7 0 0 0 1
1490738661 88 99 47 55 23 46 21 5 19 14 12 9 12 10 10 7 0 0 0 1
1490741164 88 99 47 55 23 46 22 5 19 14 12 9 12 10 10 7 0 0 0 1
1490741204 88 99 47 55 23 46 23 5 19 14 12 9 12 10 10 7 0 0 0 1
1490741217 88 99 47 55 23 46 24 5 19 14 12 9 12 10 10 7 0 0 0 1
1490818776 88 99 47 55 23 46 24 5 19 14 12 9 12 10 10 7 0 0 1 1
1490819851 88 99 47 55 23 46 24 5 19 14 12 9 12 10 10 7 0 0 2 1
1490823951 88 99 47 55 23 46 24 5 19 14 12 9 12 10 10 7 0 0 3 1
1490866136 88 99 47 55 23 46 24 5 19 14 12 10 12 10 10 7 0 0 3 1
1490873964 88 99 47 55 23 46 24 5 19 14 12 11 12 10 10 7 0 0 3 1
1490898295 88 99 47 55 24 46 24 5 19 14 12 11 12 10 10 7 0 0 3 1
1490911933 88 99 48 55 24 46 24 5 19 14 12 11 12 10 10 7 0 0 3 1
1490915108 88 99 48 55 24 46 24 5 19 15 12 11 12 10 10 7 0 0 3 1
1490915929 88 99 48 55 24 46 24 6 19 15 12 11 12 10 10 7 0 0 3 1
1490916367 88 99 49 55 24 46 24 6 19 15 12 11 12 10 10 7 0 0 3 1
1490917349 88 99 49 55 25 46 24 6 19 15 12 11 12 10 10 7 0 0 3 1
1491099677 88 99 50 55 25 46 24 6 19 15 12 11 12 10 10 7 0 0 3 1
1491168443 88 99 50 55 25 46 24 6 19 15 12 11 12 10 10 7 1 0 3 1
1491171881 88 99 50 55 25 46 24 6 19 15 12 11 12 10 10 7 2 0 3 1
1491185397 88 99 50 55 25 46 24 6 19 15 12 11 12 10 10 7 3 0 3 1
1491340435 88 99 50 55 25 46 25 6 19 15 12 11 12 10 10 7 3 0 3 1
1491340500 88 99 50 55 25 46 26 6 19 15 12 11 12 10 10 7 3 0 3 1
1491340538 88 99 50 55 25 46 27 6 19 15 12 11 12 10 10 7 3 0 3 1
1491341294 88 99 50 55 26 46 27 6 19 15 12 11 12 10 10 7 3 0 3 1
1491344575 88 99 50 55 26 46 27 6 19 15 13 11 12 10 10 7 3 0 3 1
1491346986 88 99 50 55 27 46 27 6 19 15 13 11 12 10 10 7 3 0 3 1
1491348565 88 99 50 55 27 46 27 7 19 15 13 11 12 10 10 7 3 0 3 1
1491423688 88 99 50 55 27 46 27 7 19 15 13 11 12 10 10 7 4 0 3 1
1491425021 88 99 50 55 27 46 27 7 19 15 13 11 12 10 10 7 5 0 3 1
1491426513 88 99 50 55 27 46 27 7 19 15 13 11 12 10 10 7 6 0 3 1
1491427790 88 99 50 55 27 46 27 7 19 15 13 11 12 10 10 7 7 0 3 1
1491511938 88 99 50 55 27 46 27 7 19 15 13 11 12 10 10 8 7 0 3 1
1491514071 89 99 50 55 27 46 27 7 19 15 13 11 12 10 10 8 7 0 3 1
1491514256 89 99 50 55 27 46 27 7 19 16 13 11 12 10 10 8 7 0 3 1
1491514337 90 99 50 55 27 46 27 7 19 16 13 11 12 10 10 8 7 0 3 1
1491514532 91 99 50 55 27 46 27 7 19 16 13 11 12 10 10 8 7 0 3 1
1491514556 91 99 50 55 28 46 27 7 19 16 13 11 12 10 10 8 7 0 3 1
1491514644 92 99 50 55 28 46 27 7 19 16 13 11 12 10 10 8 7 0 3 1
1491514865 93 99 50 55 28 46 27 7 19 16 13 11 12 10 10 8 7 0 3 1
1491515105 93 99 50 55 28 46 27 7 19 16 14 11 12 10 10 8 7 0 3 1
1491515376 93 99 50 55 29 46 27 7 19 16 14 11 12 10 10 8 7 0 3 1
1491516769 93 99 50 55 30 46 27 7 19 16 14 11 12 10 10 8 7 0 3 1
1491517195 94 99 50 55 30 46 27 7 19 16 14 11 12 10 10 8 7 0 3 1
1491517899 94 99 50 55 31 46 27 7 19 16 14 11 12 10 10 8 7 0 3 1
1491519442 94 99 50 55 31 46 27 7 19 17 14 11 12 10 10 8 7 0 3 1
1491519758 95 99 50 55 31 46 27 7 19 17 14 11 12 10 10 8 7 0 3 1
1491520178 96 99 50 55 31 46 27 7 19 17 14 11 12 10 10 8 7 0 3 1
1491525012 96 99 51 55 31 46 27 7 19 17 14 11 12 10 10 8 7 0 3 1
1491800720 96 99 51 55 32 46 27 7 19 17 14 11 12 10 10 8 7 0 3 1
1491897346 96 99 52 55 32 46 27 7 19 17 14 11 12 10 10 8 7 0 3 1
1491944450 96 99 52 55 32 46 27 7 19 17 15 11 12 10 10 8 7 0 3 1
1491946256 97 99 52 55 32 46 27 7 19 17 15 11 12 10 10 8 7 0 3 1
1491954889 97 99 53 55 32 46 27 7 19 17 15 11 12 10 10 8 7 0 3 1
1491979683 98 99 53 55 32 46 27 7 19 17 15 11 12 10 10 8 7 0 3 1
1492040968 99 99 53 55 32 46 27 7 19 17 15 11 12 10 10 8 7 0 3 1
1492111217 99 99 53 55 32 46 27 7 19 17 15 11 12 10 10 8 7 1 3 1
1492114040 99 99 53 55 33 46 27 7 19 17 15 11 12 10 10 8 7 1 3 1
1492116457 100 99 53 55 33 46 27 7 19 17 15 11 12 10 10 8 7 1 3 1
1492119400 100 99 53 55 33 46 27 7 19 17 16 11 12 10 10 8 7 1 3 1
1492119834 100 99 54 55 33 46 27 7 19 17 16 11 12 10 10 8 7 1 3 1
1492120222 100 99 54 55 33 46 27 7 19 17 17 11 12 10 10 8 7 1 3 1
1492120891 101 99 54 55 33 46 27 7 19 17 17 11 12 10 10 8 7 1 3 1
1492121980 101 99 54 55 33 46 28 7 19 17 17 11 12 10 10 8 7 1 3 1
1492123772 101 99 54 55 33 46 28 7 19 17 17 11 12 10 10 8 7 2 3 1
1492128104 101 99 54 55 34 46 28 7 19 17 17 11 12 10 10 8 7 2 3 1
1492130645 101 99 54 55 34 46 28 8 19 17 17 11 12 10 10 8 7 2 3 1
1492130930 101 99 54 55 35 46 28 8 19 17 17 11 12 10 10 8 7 2 3 1
1492151702 101 99 54 55 35 46 28 8 19 17 17 12 12 10 10 8 7 2 3 1
1492225429 102 99 54 55 35 46 28 8 19 17 17 12 12 10 10 8 7 2 3 1
1492226009 103 99 54 55 35 46 28 8 19 17 17 12 12 10 10 8 7 2 3 1
1492232808 104 99 54 55 35 46 28 8 19 17 17 12 12 10 10 8 7 2 3 1
1492402494 104 99 54 55 36 46 28 8 19 17 17 12 12 10 10 8 7 2 3 1
1492413797 104 99 54 55 37 46 28 8 19 17 17 12 12 10 10 8 7 2 3 1
1492548290 105 99 54 55 37 46 28 8 19 17 17 12 12 10 10 8 7 2 3 1
1492558622 105 99 54 55 37 46 28 9 19 17 17 12 12 10 10 8 7 2 3 1
1492559684 105 99 54 55 37 46 28 9 19 17 17 12 12 10 10 8 8 2 3 1
1492559836 105 99 54 55 37 46 28 9 19 17 17 12 12 10 10 8 9 2 3 1
1492602431 105 99 54 55 37 46 28 9 19 17 17 13 12 10 10 8 9 2 3 1
1492634978 106 99 54 55 37 46 28 9 19 17 17 13 12 10 10 8 9 2 3 1
1492635072 107 99 54 55 37 46 28 9 19 17 17 13 12 10 10 8 9 2 3 1
1492635578 108 99 54 55 37 46 28 9 19 17 17 13 12 10 10 8 9 2 3 1
1492636160 109 99 54 55 37 46 28 9 19 17 17 13 12 10 10 8 9 2 3 1
1492643360 109 99 54 55 37 46 28 9 19 17 17 13 12 10 10 8 9 3 3 1
1492664612 109 99 54 55 37 46 28 9 19 17 17 13 12 10 10 8 9 4 3 1
1492684237 109 99 54 55 37 46 28 9 19 17 17 14 12 10 10 8 9 4 3 1
1492718175 110 99 54 55 37 46 28 9 19 17 17 14 12 10 10 8 9 4 3 1
1492718190 111 99 54 55 37 46 28 9 19 17 17 14 12 10 10 8 9 4 3 1
1492721797 112 99 54 55 37 46 28 9 19 17 17 14 12 10 10 8 9 4 3 1
1492724191 112 99 54 55 37 46 28 10 19 17 17 14 12 10 10 8 9 4 3 1
1492724242 112 99 54 55 38 46 28 10 19 17 17 14 12 10 10 8 9 4 3 1
1492726014 112 99 55 55 38 46 28 10 19 17 17 14 12 10 10 8 9 4 3 1
1492726466 112 99 55 55 38 46 28 11 19 17 17 14 12 10 10 8 9 4 3 1
1492727569 112 99 56 55 38 46 28 11 19 17 17 14 12 10 10 8 9 4 3 1
1492729857 112 99 57 55 38 46 28 11 19 17 17 14 12 10 10 8 9 4 3 1
1492730862 112 99 57 55 38 46 28 12 19 17 17 14 12 10 10 8 9 4 3 1
1492733726 112 99 58 55 38 46 28 12 19 17 17 14 12 10 10 8 9 4 3 1
1492734751 112 99 58 55 38 46 28 13 19 17 17 14 12 10 10 8 9 4 3 1
1492735703 112 99 59 55 38 46 28 13 19 17 17 14 12 10 10 8 9 4 3 1
1492735983 112 99 60 55 38 46 28 13 19 17 17 14 12 10 10 8 9 4 3 1
1492736552 112 99 61 55 38 46 28 13 19 17 17 14 12 10 10 8 9 4 3 1
1492738032 112 99 62 55 38 46 28 13 19 17 17 14 12 10 10 8 9 4 3 1
1492984621 112 99 62 55 39 46 28 13 19 17 17 14 12 10 10 8 9 4 3 1
1492994896 112 99 62 55 40 46 28 13 19 17 17 14 12 10 10 8 9 4 3 1
1493003249 112 99 62 55 41 46 28 13 19 17 17 14 12 10 10 8 9 4 3 1
1493011726 112 99 62 55 42 46 28 13 19 17 17 14 12 10 10 8 9 4 3 1
1493013197 112 99 62 55 43 46 28 13 19 17 17 14 12 10 10 8 9 4 3 1
1493013222 112 99 62 55 44 46 28 13 19 17 17 14 12 10 10 8 9 4 3 1
1493019319 112 99 62 55 45 46 28 13 19 17 17 14 12 10 10 8 9 4 3 1
1493156215 112 99 62 55 45 46 28 13 19 17 17 14 12 10 10 9 9 4 3 1
1493158110 112 99 63 55 45 46 28 13 19 17 17 14 12 10 10 9 9 4 3 1
1493158571 112 99 64 55 45 46 28 13 19 17 17 14 12 10 10 9 9 4 3 1
1493159065 112 99 65 55 45 46 28 13 19 17 17 14 12 10 10 9 9 4 3 1
1493160815 112 99 66 55 45 46 28 13 19 17 17 14 12 10 10 9 9 4 3 1
1493160851 112 99 67 55 45 46 28 13 19 17 17 14 12 10 10 9 9 4 3 1
1493297612 112 99 67 55 45 46 28 13 19 17 17 15 12 10 10 9 9 4 3 1
1493325436 112 99 67 55 45 46 28 14 19 17 17 15 12 10 10 9 9 4 3 1
1493326279 112 99 67 55 45 46 28 15 19 17 17 15 12 10 10 9 9 4 3 1
1493327020 112 99 67 55 45 46 28 16 19 17 17 15 12 10 10 9 9 4 3 1
1493328938 112 99 67 55 46 46 28 16 19 17 17 15 12 10 10 9 9 4 3 1
1493328990 112 99 67 55 47 46 28 16 19 17 17 15 12 10 10 9 9 4 3 1
1493329246 112 99 67 55 48 46 28 16 19 17 17 15 12 10 10 9 9 4 3 1
1493332559 112 99 67 55 48 46 28 17 19 17 17 15 12 10 10 9 9 4 3 1
1493333585 112 99 67 55 49 46 28 17 19 17 17 15 12 10 10 9 9 4 3 1
1493333650 112 99 67 55 50 46 28 17 19 17 17 15 12 10 10 9 9 4 3 1
1493333952 112 99 67 55 51 46 28 17 19 17 17 15 12 10 10 9 9 4 3 1
1493335259 112 99 67 55 51 46 28 18 19 17 17 15 12 10 10 9 9 4 3 1
1493341914 112 99 67 55 51 46 28 19 19 17 17 15 12 10 10 9 9 4 3 1
1493343028 112 99 67 55 51 46 28 20 19 17 17 15 12 10 10 9 9 4 3 1
1493348972 112 99 67 55 52 46 28 20 19 17 17 15 12 10 10 9 9 4 3 1
1493349411 112 99 67 55 53 46 28 20 19 17 17 15 12 10 10 9 9 4 3 1
1493349549 112 99 67 55 54 46 28 20 19 17 17 15 12 10 10 9 9 4 3 1
1493407492 112 99 67 55 54 46 29 20 19 17 17 15 12 10 10 9 9 4 3 1
1493407552 112 99 67 55 54 46 30 20 19 17 17 15 12 10 10 9 9 4 3 1
