1473092291 0 0 0 0 0 0 1 0 0 0 0 0 0 0 0 0 0 0 0 0
1475011907 0 0 0 0 0 12583 1 0 0 0 0 0 0 0 0 0 0 0 0 0
1475017051 0 0 0 0 0 12602 1 0 0 0 0 0 0 0 0 0 0 0 0 0
1475173503 0 0 0 0 0 12775 1 0 0 0 0 0 0 0 0 0 0 0 0 0
1475182136 0 0 0 0 0 12835 1 0 0 0 0 0 0 0 0 0 0 0 0 0
1475182185 0 0 0 0 0 12835 1 0 0 0 0 0 194 0 0 0 0 0 0 0
1475182324 0 0 0 0 0 12835 1 0 0 0 0 0 194 0 0 0 0 0 0 0
1475183959 0 0 0 0 0 12835 1 0 0 0 0 0 283 0 0 0 0 0 0 0
1475184543 0 0 0 8 0 12835 1 0 0 0 0 0 283 0 0 0 0 0 0 0
1475190057 0 0 0 8 0 12835 1 0 0 0 0 0 416 0 0 0 0 0 0 0
1475190281 0 0 0 52 0 12835 1 0 0 0 0 0 416 0 0 0 0 0 0 0
1475190323 0 0 0 52 0 12848 1 0 0 0 0 0 416 0 0 0 0 0 0 0
1475190404 0 0 0 52 0 12848 1 0 0 0 0 0 416 0 0 0 0 0 0 0
1475192168 0 165 0 52 0 12848 1 0 0 0 0 0 416 0 0 0 0 0 0 0
1475192317 0 165 0 52 0 12848 1 0 0 0 0 0 416 0 0 0 0 0 0 0
1475430904 0 165 0 52 0 13152 1 0 0 0 0 0 416 0 0 0 0 0 0 0
1475463670 0 165 0 52 0 13152 1 0 90 0 0 0 416 0 0 0 0 0 0 0
1475612671 0 165 0 52 0 13158 1 0 90 0 0 0 416 0 0 0 0 0 0 0
1475614129 0 165 0 52 0 13158 1 0 90 0 0 0 416 0 0 0 0 0 0 0
1475614641 0 165 0 52 0 13158 1 0 90 0 0 0 416 0 0 0 0 0 0 0
1475622911 0 165 0 52 0 13280 1 0 90 0 0 0 416 0 0 0 0 0 0 0
1475623001 0 165 0 52 0 13280 1 0 90 0 0 0 416 0 0 0 0 0 0 0
1475623003 0 165 0 110 0 13280 1 0 90 0 0 0 416 0 0 0 0 0 0 0
1475792608 0 165 0 136 0 13280 1 0 90 0 0 0 416 0 0 0 0 0 0 0
1475794904 0 165 0 147 0 13280 1 0 90 0 0 0 416 0 0 0 0 0 0 0
1475795289 0 165 0 147 0 13393 1 0 90 0 0 0 416 0 0 0 0 0 0 0
1475795630 0 483 0 147 0 13393 1 0 90 0 0 0 416 0 0 0 0 0 0 0
1475795636 0 483 0 147 0 13393 1 0 90 0 0 0 416 0 0 0 0 0 0 0
1475795954 0 483 0 147 0 13393 1 0 90 0 0 0 416 0 0 0 0 0 0 0
1475796435 0 689 0 147 0 13393 1 0 90 0 0 0 416 0 0 0 0 0 0 0
1475796527 0 689 0 147 0 13393 1 0 90 0 0 0 416 0 0 0 0 0 0 0
1475964647 0 689 0 147 0 13393 1 0 90 0 0 0 940 0 0 0 0 0 0 0
1476044217 0 689 0 147 0 13393 1 0 90 0 0 0 1108 0 0 0 0 0 0 0
1476078997 0 689 0 214 0 13393 1 0 90 0 0 0 1108 0 0 0 0 0 0 0
1476079135 0 689 0 214 0 13393 1 0 90 0 0 0 1108 0 0 0 0 0 0 0
1476209771 0 689 0 214 0 13583 1 0 90 0 0 0 1108 0 0 0 0 0 0 0
1476214954 0 689 0 214 0 13583 1 0 90 0 0 0 1213 0 0 0 0 0 0 0
1476215018 0 689 0 214 0 13583 1 0 90 0 0 0 1213 0 0 0 0 0 0 0
1476215130 0 689 0 214 0 13583 1 0 90 0 0 0 1213 0 0 0 0 0 0 0
1476219283 0 689 0 214 0 13621 1 0 90 0 0 0 1213 0 0 0 0 0 0 0
1476221820 0 857 0 214 0 13621 1 0 90 0 0 0 1213 0 0 0 0 0 0 0
1476222319 0 931 0 214 0 13621 1 0 90 0 0 0 1213 0 0 0 0 0 0 0
1476225062 0 949 0 214 0 13621 1 0 90 0 0 0 1213 0 0 0 0 0 0 0
1476226794 0 949 0 317 0 13621 1 0 90 0 0 0 1213 0 0 0 0 0 0 0
1476385579 0 949 0 317 0 13888 1 0 90 0 0 0 1213 0 0 0 0 0 0 0
1476392387 0 966 0 317 0 13888 1 0 90 0 0 0 1213 0 0 0 0 0 0 0
1476392431 0 966 0 317 0 13888 1 0 90 0 0 0 1213 0 0 0 0 0 0 0
1476392513 0 1147 0 317 0 13888 1 0 90 0 0 0 1213 0 0 0 0 0 0 0
1476392586 0 1147 0 317 0 13888 1 0 90 0 0 0 1213 0 0 0 0 0 0 0
1476392828 0 1147 0 317 0 13888 1 0 90 0 0 0 1213 0 0 0 0 0 0 0
1476395099 0 1147 0 317 0 13888 1 0 90 0 0 0 1213 0 0 0 0 0 0 0
1476398131 0 1147 0 317 0 13888 1 0 90 0 0 0 1317 0 0 0 0 0 0 0
1476398802 0 1147 0 317 0 13888 1 0 90 0 0 0 1326 0 0 0 0 0 0 0
1476399766 0 1147 0 317 0 13888 1 0 90 0 0 0 1326 0 0 0 0 0 0 0
1476821379 0 1147 0 317 0 14146 1 0 90 0 0 0 1326 0 0 0 0 0 0 0
1476824086 0 1147 0 317 0 14146 1 0 90 0 0 0 1326 0 0 0 0 0 0 0
1476824131 0 1147 0 317 0 14146 1 0 90 0 0 0 1326 0 0 0 0 0 0 0
1476826807 0 1321 0 317 0 14146 1 0 90 0 0 0 1326 0 0 0 0 0 0 0
1476831073 0 1321 0 402 0 14146 1 0 90 0 0 0 1326 0 0 0 0 0 0 0
1476991453 0 1321 0 402 0 14351 1 0 90 0 0 0 1326 0 0 0 0 0 0 0
1476997433 0 1321 0 402 0 14351 1 0 90 0 0 0 1326 0 0 0 0 0 0 0
1476997846 181 1321 0 402 0 14351 1 0 90 0 0 0 1326 0 0 0 0 0 0 0
1476998022 181 1321 0 402 0 14351 1 0 90 0 0 0 1326 0 0 0 0 0 0 0
1476998350 181 1321 0 402 0 14351 1 0 90 0 0 0 1326 0 0 0 0 0 0 0
1476999169 181 1344 0 402 0 14351 1 0 90 0 0 0 1326 0 0 0 0 0 0 0
1476999219 181 1344 0 402 0 14353 1 0 90 0 0 0 1326 0 0 0 0 0 0 0
1476999243 181 1344 0 402 0 14353 1 0 90 0 0 0 1326 0 0 0 0 0 0 0
1476999255 181 1344 0 402 0 14353 1 0 90 0 0 0 1326 0 0 0 0 0 0 0
1477001038 181 1344 0 426 0 14353 1 0 90 0 0 0 1326 0 0 0 0 0 0 0
1477002380 181 1344 0 519 0 14353 1 0 90 0 0 0 1326 0 0 0 0 0 0 0
1477002659 181 1344 0 519 0 14353 1 0 90 0 0 0 1326 0 0 0 0 0 0 0
1477002686 181 1344 0 519 0 14353 1 0 90 0 0 0 1326 0 0 0 0 0 0 0
1477002801 181 1344 0 519 0 14353 1 0 90 0 0 0 1326 0 0 0 0 0 0 0
1477002954 181 1344 0 527 0 14353 1 0 90 0 0 0 1326 0 0 0 0 0 0 0
1477002993 181 1344 0 527 0 14353 1 0 90 0 0 0 1326 0 0 0 0 0 0 0
1477004394 181 1344 0 578 0 14353 1 0 90 0 0 0 1326 0 0 0 0 0 0 0
1477017772 237 1344 0 578 0 14353 1 0 90 0 0 0 1326 0 0 0 0 0 0 0
1477018013 237 1344 0 578 0 14353 1 0 90 0 0 0 1326 0 0 0 0 0 0 0
1477103780 417 1344 0 578 0 14353 1 0 90 0 0 0 1326 0 0 0 0 0 0 0
1477427653 417 1344 0 578 0 14563 1 0 90 0 0 0 1326 0 0 0 0 0 0 0
1477428449 606 1344 0 578 0 14563 1 0 90 0 0 0 1326 0 0 0 0 0 0 0
1477428560 606 1344 0 578 0 14563 1 0 90 0 0 0 1326 0 0 0 0 0 0 0
1477429779 606 1613 0 578 0 14563 1 0 90 0 0 0 1326 0 0 0 0 0 0 0
1477429809 606 1613 0 578 0 14563 1 0 90 0 0 0 1326 0 0 0 0 0 0 0
1477429857 606 1613 0 578 0 14563 1 0 90 0 0 0 1326 0 0 0 0 0 0 0
1477429979 606 1613 0 578 0 14563 1 0 90 0 0 0 1326 0 0 0 0 0 0 0
1477431345 606 1613 0 584 0 14563 1 0 90 0 0 0 1326 0 0 0 0 0 0 0
1477431388 606 1613 0 584 0 14563 1 0 90 0 0 0 1326 0 0 0 0 0 0 0
1477431452 606 1613 0 584 0 14563 1 0 90 0 0 0 1326 0 0 0 0 0 0 0
1477431739 606 1613 0 584 0 14563 1 0 90 0 0 0 1326 0 0 0 0 0 0 0
1477432438 606 1613 0 584 0 14563 1 0 90 0 0 0 1326 0 0 0 0 0 0 0
1477433487 606 1613 0 586 0 14563 1 0 90 0 0 0 1326 0 0 0 0 0 0 0
1477434192 606 1613 0 586 0 14563 1 0 90 0 0 0 1326 0 0 0 0 0 0 0
1477434226 606 1613 0 586 0 14563 1 0 90 0 0 0 1326 0 0 0 0 0 0 0
1477434429 606 1613 0 587 0 14563 1 0 90 0 0 0 1326 0 0 0 0 0 0 0
1477434455 606 1613 0 587 0 14563 1 0 90 0 0 0 1326 0 0 0 0 0 0 0
1477437123 606 2642 0 587 0 14563 1 0 90 0 0 0 1326 0 0 0 0 0 0 0
1477437347 606 2642 0 616 0 14563 1 0 90 0 0 0 1326 0 0 0 0 0 0 0
1477437640 606 2654 0 616 0 14563 1 0 90 0 0 0 1326 0 0 0 0 0 0 0
1477437661 606 2654 0 616 0 14563 1 0 90 0 0 0 1326 0 0 0 0 0 0 0
1477439382 606 2880 0 616 0 14563 1 0 90 0 0 0 1326 0 0 0 0 0 0 0
1477446337 734 2880 0 616 0 14563 1 0 90 0 0 0 1326 0 0 0 0 0 0 0
1477532484 734 2880 0 616 0 14563 1 0 90 0 0 0 1326 0 0 0 0 0 0 0
1477532831 734 2880 0 616 0 14563 1 0 90 0 0 0 1326 0 0 0 0 0 0 0
1477594659 734 2880 0 616 0 14693 1 0 90 0 0 0 1326 0 0 0 0 0 0 0
1477597836 734 2880 0 616 0 14856 1 0 90 0 0 0 1326 0 0 0 0 0 0 0
1477601353 734 2880 0 616 0 14928 1 0 90 0 0 0 1326 0 0 0 0 0 0 0
1477601656 734 2880 0 616 0 14928 1 0 308 0 0 0 1326 0 0 0 0 0 0 0
1477601881 734 2880 0 616 0 14928 1 0 308 0 0 0 1326 0 0 0 0 0 0 0
1477608309 734 2949 0 616 0 14928 1 0 308 0 0 0 1326 0 0 0 0 0 0 0
1477608360 734 2949 0 616 0 14928 1 0 308 0 0 0 1326 0 0 0 0 0 0 0
1477701327 908 2949 0 616 0 14928 1 0 308 0 0 0 1326 0 0 0 0 0 0 0
1477877463 918 2949 0 616 0 14928 1 0 308 0 0 0 1326 0 0 0 0 0 0 0
1478027852 918 2949 0 616 0 15472 1 0 308 0 0 0 1326 0 0 0 0 0 0 0
1478032789 918 2977 0 616 0 15472 1 0 308 0 0 0 1326 0 0 0 0 0 0 0
1478033343 918 2977 0 616 0 15472 1 0 308 0 0 0 1326 0 0 0 0 0 0 0
1478033377 918 2977 0 616 0 15472 1 0 308 0 0 0 1326 0 0 0 0 0 0 0
1478033534 918 2977 0 616 0 15472 1 0 308 0 0 0 1326 0 0 0 0 0 0 0
1478034674 918 2977 0 616 0 15639 1 0 308 0 0 0 1326 0 0 0 0 0 0 0
1478034693 918 2977 0 616 0 15639 1 0 308 0 0 0 1326 0 0 0 0 0 0 0
1478034713 918 2977 0 616 0 15639 1 0 308 0 0 0 1326 0 0 0 0 0 0 0
1478036594 918 2977 0 616 0 15639 1 0 308 0 0 0 1326 0 0 0 0 0 0 0
1478037640 918 2977 0 637 0 15639 1 0 308 0 0 0 1326 0 0 0 0 0 0 0
1478037952 918 2977 0 637 0 15639 1 0 308 0 0 0 1326 0 0 0 0 0 0 0
1478038130 918 2977 0 637 0 15639 8 0 308 0 0 0 1326 0 0 0 0 0 0 0
1478038338 918 2977 0 637 0 15639 8 0 308 0 0 0 1326 0 0 0 0 0 0 0
1478038462 918 2987 0 637 0 15639 8 0 308 0 0 0 1326 0 0 0 0 0 0 0
1478040209 918 2987 0 637 0 15639 8 0 308 0 0 0 1326 0 0 0 0 0 0 0
1478041261 918 2987 0 637 0 15641 8 0 308 0 0 0 1326 0 0 0 0 0 0 0
1478041419 918 2987 0 637 0 15641 8 0 308 0 0 0 1326 0 0 0 0 0 0 0
1478041436 918 2987 0 637 0 15641 8 0 308 0 0 0 1326 0 0 0 0 0 0 0
1478043101 918 3021 0 637 0 15641 8 0 308 0 0 0 1326 0 0 0 0 0 0 0
1478043222 918 3021 0 637 0 15641 8 0 308 0 0 0 1326 0 0 0 0 0 0 0
1478046335 1034 3021 0 637 0 15641 8 0 308 0 0 0 1326 0 0 0 0 0 0 0
1478046507 1109 3021 0 637 0 15641 8 0 308 0 0 0 1326 0 0 0 0 0 0 0
1478046985 1110 3021 0 637 0 15641 8 0 308 0 0 0 1326 0 0 0 0 0 0 0
1478047069 1112 3021 0 637 0 15641 8 0 308 0 0 0 1326 0 0 0 0 0 0 0
1478047138 1112 3021 0 637 0 15641 8 0 308 0 0 0 1326 0 0 0 0 0 0 0
1478047373 1121 3021 0 637 0 15641 8 0 308 0 0 0 1326 0 0 0 0 0 0 0
1478047643 1121 3021 0 637 0 15641 8 0 308 0 0 0 1326 0 0 0 0 0 0 0
1478205967 1121 3058 0 637 0 15641 8 0 308 0 0 0 1326 0 0 0 0 0 0 0
1478205980 1121 3058 0 637 0 15641 8 0 308 0 0 0 1326 0 0 0 0 0 0 0
1478207250 1121 3058 0 637 0 15662 8 0 308 0 0 0 1326 0 0 0 0 0 0 0
1478207256 1121 3058 0 637 0 15662 8 0 308 0 0 0 1326 0 0 0 0 0 0 0
1478207389 1121 3058 0 637 0 15662 8 0 384 0 0 0 1326 0 0 0 0 0 0 0
1478207455 1121 3058 0 637 0 15662 8 0 384 0 0 0 1326 0 0 0 0 0 0 0
1478207590 1121 3058 0 637 0 15662 8 0 384 0 0 0 1326 0 0 0 0 0 0 0
1478207902 1121 5218 0 637 0 15662 8 0 384 0 0 0 1326 0 0 0 0 0 0 0
1478207952 1121 5218 0 637 0 15662 8 0 384 0 0 0 1326 0 0 0 0 0 0 0
1478208497 1173 5218 0 637 0 15662 8 0 384 0 0 0 1326 0 0 0 0 0 0 0
1478208678 1173 5218 0 637 0 15662 8 0 384 0 0 0 1326 0 0 0 0 0 0 0
1478210055 1173 5230 0 637 0 15662 8 0 384 0 0 0 1326 0 0 0 0 0 0 0
1478210182 1173 5230 0 637 0 15662 8 0 384 0 0 0 1326 0 0 0 0 0 0 0
1478213110 1201 5230 0 637 0 15662 8 0 384 0 0 0 1326 0 0 0 0 0 0 0
1478213297 1201 5230 0 637 0 15662 8 0 384 0 0 0 1326 0 0 0 0 0 0 0
1478213616 1201 5230 0 656 0 15662 8 0 384 0 0 0 1326 0 0 0 0 0 0 0
1478213702 1201 5230 0 656 0 15662 8 0 384 0 0 0 1326 0 0 0 0 0 0 0
1478213740 1203 5230 0 656 0 15662 8 0 384 0 0 0 1326 0 0 0 0 0 0 0
1478214939 1203 5370 0 656 0 15662 8 0 384 0 0 0 1326 0 0 0 0 0 0 0
1478229847 1203 5370 0 656 0 15662 8 0 384 0 0 0 1326 0 0 0 0 0 0 0
1478229882 1203 5370 0 656 0 15662 8 0 384 0 0 0 1326 0 0 0 0 0 0 0
1478495447 1437 5370 0 656 0 15662 8 0 384 0 0 0 1326 0 0 0 0 0 0 0
1478642017 1437 6446 0 656 0 15662 8 0 384 0 0 0 1326 0 0 0 0 0 0 0
1478645482 1437 6672 0 656 0 15662 8 0 384 0 0 0 1326 0 0 0 0 0 0 0
1478646385 1437 6672 0 656 0 16042 8 0 384 0 0 0 1326 0 0 0 0 0 0 0
1478646443 1437 6672 0 656 0 16042 8 0 384 0 0 0 1326 0 0 0 0 0 0 0
1478646633 1437 6686 0 656 0 16042 8 0 384 0 0 0 1326 0 0 0 0 0 0 0
1478646983 1437 6686 0 656 0 16042 8 0 384 0 0 0 1326 0 0 0 0 0 0 0
1478649063 1437 6686 0 656 0 16042 8 0 498 0 0 0 1326 0 0 0 0 0 0 0
1478649275 1437 6686 0 677 0 16042 8 0 498 0 0 0 1326 0 0 0 0 0 0 0
1478649336 1437 6686 0 677 0 16042 8 0 498 0 0 0 1326 0 0 0 0 0 0 0
1478649422 1437 6686 0 677 0 16042 8 0 498 0 0 0 1326 0 0 0 0 0 0 0
1478650935 1437 6746 0 677 0 16042 8 0 498 0 0 0 1326 0 0 0 0 0 0 0
1478810225 1503 6746 0 677 0 16042 8 0 498 0 0 0 1326 0 0 0 0 0 0 0
1478814960 1503 6786 0 677 0 16042 8 0 498 0 0 0 1326 0 0 0 0 0 0 0
1478815413 1503 6786 0 677 0 16042 8 0 498 0 0 0 1326 0 0 0 0 0 0 0
1478815564 1503 6786 0 677 0 16042 8 0 498 0 0 0 1326 0 0 0 0 0 0 0
1478815734 1503 6794 0 677 0 16042 8 0 498 0 0 0 1326 0 0 0 0 0 0 0
1478815787 1503 6794 0 677 0 16042 8 0 498 0 0 0 1326 0 0 0 0 0 0 0
1478817915 1503 6794 0 677 0 16042 8 0 498 0 0 0 1326 0 0 0 0 0 0 0
1478818622 1557 6794 0 677 0 16042 8 0 498 0 0 0 1326 0 0 0 0 0 0 0
1478818650 1557 6794 0 677 0 16042 8 0 498 0 0 0 1326 0 0 0 0 0 0 0
1478818808 1557 6794 0 677 0 16042 8 0 498 0 0 0 1326 0 0 0 0 0 0 0
1478823117 1557 6799 0 677 0 16042 8 0 498 0 0 0 1326 0 0 0 0 0 0 0
1479244408 1557 6799 0 677 0 16091 8 0 498 0 0 0 1326 0 0 0 0 0 0 0
1479244772 1557 6799 0 677 0 16091 8 0 552 0 0 0 1326 0 0 0 0 0 0 0
1479245113 1557 6799 0 677 0 16091 8 0 552 0 0 0 1326 0 0 0 0 0 0 0
1479246302 1557 6799 0 677 0 16091 8 0 552 0 0 0 1326 0 0 0 0 0 0 0
1479246894 1557 6812 0 677 0 16091 8 0 552 0 0 0 1326 0 0 0 0 0 0 0
1479247514 1557 6812 0 677 0 16091 8 0 552 0 0 0 1326 0 0 0 0 0 0 0
1479247567 1557 6812 0 677 0 16091 8 0 552 0 0 0 1326 0 0 0 0 0 0 0
1479247642 1557 6812 0 677 0 16091 8 0 552 0 0 0 1326 0 0 0 0 0 0 0
1479247719 1557 6812 0 677 0 16091 8 0 552 0 0 0 1326 0 0 0 0 0 0 0
1479247747 1557 6812 0 677 0 16091 8 0 552 0 0 0 1326 0 0 0 0 0 0 0
1479248345 1557 6812 0 677 0 16107 8 0 552 0 0 0 1326 0 0 0 0 0 0 0
1479250338 1557 6812 0 677 0 16107 8 0 552 0 0 0 1326 0 0 0 0 0 0 0
1479252163 1557 6812 0 677 0 16107 8 0 552 0 0 0 1326 0 0 0 0 0 0 0
1479254216 1557 6843 0 677 0 16107 8 0 552 0 0 0 1326 0 0 0 0 0 0 0
1479254995 1557 8557 0 677 0 16107 8 0 552 0 0 0 1326 0 0 0 0 0 0 0
1479255211 1584 8557 0 677 0 16107 8 0 552 0 0 0 1326 0 0 0 0 0 0 0
1479419133 1584 8647 0 677 0 16107 8 0 552 0 0 0 1326 0 0 0 0 0 0 0
1479422443 1584 8647 0 677 0 16107 8 0 552 0 0 0 1326 0 0 0 0 0 0 0
1479424373 1631 8647 0 677 0 16107 8 0 552 0 0 0 1326 0 0 0 0 0 0 0
1479424596 1631 8647 0 677 0 16107 8 0 552 0 0 0 1326 0 0 0 0 0 0 0
1479424883 1631 8647 0 677 0 16107 8 0 552 0 0 0 1326 0 0 0 0 0 0 0
1479425386 1631 8760 0 677 0 16107 8 0 552 0 0 0 1326 0 0 0 0 0 0 0
1479425391 1631 8768 0 677 0 16107 8 0 552 0 0 0 1326 0 0 0 0 0 0 0
1479426749 1631 8777 0 677 0 16107 8 0 552 0 0 0 1326 0 0 0 0 0 0 0
1479426762 1631 8777 0 677 0 16107 8 0 552 0 0 0 1326 0 0 0 0 0 0 0
1479426990 1631 8777 0 744 0 16107 8 0 552 0 0 0 1326 0 0 0 0 0 0 0
1479427036 1631 8777 0 744 0 16107 8 0 552 0 0 0 1326 0 0 0 0 0 0 0
1479427076 1631 8777 0 744 0 16107 8 0 552 0 0 0 1326 0 0 0 0 0 0 0
1479430674 1631 8777 0 744 0 16107 8 0 552 0 0 0 1326 0 0 0 0 0 0 0
1479430777 1631 8777 0 744 0 16107 8 0 552 0 0 0 1326 0 0 0 0 0 0 0
1479855792 1631 8878 0 744 0 16107 8 0 552 0 0 0 1326 0 0 0 0 0 0 0
1480454906 1631 8878 0 744 0 16107 8 0 552 0 0 0 1326 0 0 0 0 0 0 0
1480454935 1631 8878 0 744 0 16107 8 0 552 0 0 0 1326 0 0 0 0 0 0 0
1480455384 1631 8880 0 744 0 16107 8 0 552 0 0 0 1326 0 0 0 0 0 0 0
1480455451 1631 8880 0 744 0 16107 8 0 552 0 0 0 1326 0 0 0 0 0 0 0
1480456333 1631 8880 0 744 0 16107 8 0 575 0 0 0 1326 0 0 0 0 0 0 0
1480456759 1631 8880 0 744 0 16107 8 0 575 0 0 0 1326 0 0 0 0 0 0 0
1480457727 1631 8880 0 864 0 16107 8 0 575 0 0 0 1326 0 0 0 0 0 0 0
1480457772 1631 8880 0 864 0 16107 8 0 575 0 0 0 1326 0 0 0 0 0 0 0
1480459037 1631 8880 0 864 0 16159 8 0 575 0 0 0 1326 0 0 0 0 0 0 0
1480459047 1631 8880 0 864 0 16159 8 0 575 0 0 0 1326 0 0 0 0 0 0 0
1480459298 1631 8880 0 864 0 16159 8 0 611 0 0 0 1326 0 0 0 0 0 0 0
1480459543 1631 8880 0 864 0 16159 8 0 611 0 0 0 1326 0 0 0 0 0 0 0
1480461025 1631 8880 0 864 0 16159 8 0 620 0 0 0 1326 0 0 0 0 0 0 0
1480462990 1631 8902 0 864 0 16159 8 0 620 0 0 0 1326 0 0 0 0 0 0 0
1480463107 1631 8902 0 864 0 16159 8 0 620 0 0 0 1326 0 0 0 0 0 0 0
1480465555 1800 8902 0 864 0 16159 8 0 620 0 0 0 1326 0 0 0 0 0 0 0
1480466026 1833 8902 0 864 0 16159 8 0 620 0 0 0 1326 0 0 0 0 0 0 0
1480466179 1833 8902 0 864 0 16159 8 0 620 0 0 0 1326 0 0 0 0 0 0 0
1480630827 1833 8902 0 864 0 16161 8 0 620 0 0 0 1326 0 0 0 0 0 0 0
1480632853 1833 8902 0 864 0 16180 8 0 620 0 0 0 1326 0 0 0 0 0 0 0
1480634666 1833 8912 0 864 0 16180 8 0 620 0 0 0 1326 0 0 0 0 0 0 0
1480634709 1833 8912 0 864 0 16180 8 0 620 0 0 0 1326 0 0 0 0 0 0 0
1480635833 1833 11173 0 864 0 16180 8 0 620 0 0 0 1326 0 0 0 0 0 0 0
1480641661 1904 11173 0 864 0 16180 8 0 620 0 0 0 1326 0 0 0 0 0 0 0
1480890712 1904 11173 0 864 0 16180 8 0 620 0 0 0 1326 0 0 34 0 0 0 0
1481057850 1904 11173 0 864 0 16496 8 0 620 0 0 0 1326 0 0 34 0 0 0 0
1481059967 1904 11173 0 864 0 16496 8 0 620 0 0 0 1326 0 0 34 0 0 0 0
1481060008 1904 11173 0 864 0 16496 8 0 620 0 0 0 1326 0 0 34 0 0 0 0
1481063398 1904 11173 0 864 0 16588 8 0 620 0 0 0 1326 0 0 34 0 0 0 0
1481063497 1904 11173 0 864 0 16588 8 0 620 0 0 0 1326 0 0 34 0 0 0 0
1481063533 1904 11173 0 864 0 16588 8 0 620 0 0 0 1326 0 0 34 0 0 0 0
1481064014 1904 11173 0 948 0 16588 8 0 620 0 0 0 1326 0 0 34 0 0 0 0
1481064056 1904 11173 0 948 0 16588 8 0 620 0 0 0 1326 0 0 34 0 0 0 0
1481064475 1904 11173 0 975 0 16588 8 0 620 0 0 0 1326 0 0 34 0 0 0 0
1481064494 1904 11173 0 975 0 16588 8 0 667 0 0 0 1326 0 0 34 0 0 0 0
1481064524 1904 11173 0 975 0 16588 8 0 667 0 0 0 1326 0 0 34 0 0 0 0
1481064696 1904 11173 0 975 0 16588 8 0 667 0 0 0 1326 0 0 34 0 0 0 0
1481066032 1904 11173 0 975 0 16588 8 0 667 0 0 0 1326 0 0 34 0 0 0 0
1481067196 1904 11192 0 975 0 16588 8 0 667 0 0 0 1326 0 0 34 0 0 0 0
1481067389 1904 11192 0 975 0 16588 8 0 667 0 0 0 1326 0 0 34 0 0 0 0
1481071362 2120 11192 0 975 0 16588 8 0 667 0 0 0 1326 0 0 34 0 0 0 0
1481072646 2179 11192 0 975 0 16588 8 0 667 0 0 0 1326 0 0 34 0 0 0 0
1481075406 2179 11192 0 975 0 16588 8 0 667 0 0 0 1326 0 0 34 0 0 0 0
1481075524 2179 11192 0 975 0 16588 8 0 667 0 0 0 1326 0 0 34 0 0 0 0
1481234832 2179 11192 0 1026 0 16588 8 0 667 0 0 0 1326 0 0 34 0 0 0 0
1481234917 2179 11192 0 1026 0 16588 8 0 667 0 0 0 1326 0 0 34 0 0 0 0
1481234954 2179 11192 0 1026 0 16588 8 0 667 0 0 0 1326 0 0 34 0 0 0 0
1481235006 2179 11192 0 1026 0 16869 8 0 667 0 0 0 1326 0 0 34 0 0 0 0
1481235029 2179 11192 0 1026 0 16869 8 0 667 0 0 0 1326 0 0 34 0 0 0 0
1481237561 2179 11208 0 1026 0 16869 8 0 667 0 0 0 1326 0 0 34 0 0 0 0
1481237578 2179 11208 0 1026 0 16869 8 0 667 0 0 0 1326 0 0 34 0 0 0 0
1481237633 2179 11208 0 1026 0 16869 8 0 667 0 0 0 1326 0 0 34 0 0 0 0
1481237640 2179 11208 0 1026 0 16869 8 0 667 0 0 0 1326 0 0 34 0 0 0 0
1481237787 2179 11208 0 1026 0 16869 8 0 667 0 0 0 1326 0 0 34 0 0 0 0
1481239508 2179 11208 0 1026 0 16869 8 0 667 0 0 0 1326 0 0 34 0 0 0 0
1481241393 2179 11259 0 1026 0 16869 8 0 667 0 0 0 1326 0 0 34 0 0 0 0
1481241770 2221 11259 0 1026 0 16869 8 0 667 0 0 0 1326 0 0 34 0 0 0 0
1481241883 2221 11259 0 1026 0 16869 8 0 667 0 0 0 1326 0 0 34 0 0 0 0
1481241924 2221 11259 0 1026 0 16869 8 0 667 0 0 0 1326 0 0 34 0 0 0 0
1481242862 2221 11294 0 1026 0 16869 8 0 667 0 0 0 1326 0 0 34 0 0 0 0
1481242881 2221 11294 0 1026 0 16869 8 0 667 0 0 0 1326 0 0 34 0 0 0 0
1481347086 2221 11294 0 1026 0 16869 8 0 667 0 0 0 1326 0 0 179 0 0 0 0
1481655564 2221 11294 0 1026 0 16869 8 0 667 0 0 0 1326 0 0 179 0 0 0 0
1481662031 2221 11294 0 1026 0 16869 8 0 667 0 0 2710 1326 0 0 179 0 0 0 0
1481667885 2221 11798 0 1026 0 16869 8 0 667 0 0 2710 1326 0 0 179 0 0 0 0
1481667996 2221 11810 0 1026 0 16869 8 0 667 0 0 2710 1326 0 0 179 0 0 0 0
1481668146 2221 11812 0 1026 0 16869 8 0 667 0 0 2710 1326 0 0 179 0 0 0 0
1481668965 2221 11894 0 1026 0 16869 8 0 667 0 0 2710 1326 0 0 179 0 0 0 0
1481669003 2221 11894 0 1026 0 16869 8 0 667 0 0 2710 1326 0 0 179 0 0 0 0
1481670780 2221 11894 0 1026 0 16869 20 0 667 0 0 2710 1326 0 0 179 0 0 0 0
1481673772 2221 11894 0 1026 0 16869 20 0 667 0 0 2710 1326 0 0 179 0 0 0 0
1481674608 2221 11894 0 1026 0 16869 20 0 667 0 0 2710 1326 0 0 179 0 0 0 0
1481829191 2221 11894 0 1026 0 16869 20 0 667 0 0 2710 1326 0 0 179 0 0 0 0
1481830445 2221 126504 0 1026 0 16869 20 0 667 0 0 2710 1326 0 0 179 0 0 0 0
1481830684 2221 126504 0 1026 0 16869 20 0 667 0 0 2710 1326 0 0 179 0 0 0 0
1481833056 2221 126504 0 1026 0 16869 20 0 667 0 0 2710 1326 0 0 179 0 0 0 0
1481835401 2221 126504 0 1026 0 16944 20 0 667 0 0 2710 1326 0 0 179 0 0 0 0
1481837071 2221 126504 0 1026 0 16944 20 0 667 0 0 2710 1326 0 0 179 0 0 0 0
1481837118 2221 128085 0 1026 0 16944 20 0 667 0 0 2710 1326 0 0 179 0 0 0 0
1481837170 2221 128085 0 1026 0 16944 20 0 667 0 0 2710 1326 0 0 179 0 0 0 0
1481855817 2221 128264 0 1026 0 16944 20 0 667 0 0 2710 1326 0 0 179 0 0 0 0
1483602307 2221 128264 0 1026 0 16944 403 0 667 0 0 2710 1326 0 0 179 0 0 0 0
1485302659 2221 128264 0 1026 0 16944 403 0 667 0 0 2710 1326 0 0 179 0 0 0 0
1485473184 2221 128264 0 1026 0 16944 403 0 667 0 8 2710 1326 0 0 179 0 0 0 0
1485508808 2221 128264 299 1026 0 16944 403 0 667 0 8 2710 1326 0 0 179 0 0 0 0
1485572758 2221 128264 335 1026 0 16944 403 0 667 0 8 2710 1326 0 0 179 0 0 0 0
1485898883 2221 128264 335 1026 0 16944 403 0 667 0 8 2710 1326 0 48 179 0 0 0 0
1485899002 2221 128264 335 1026 0 16944 403 0 667 0 8 2710 1326 0 48 179 0 0 0 0
1485901110 2221 128264 335 1026 0 16944 403 0 667 0 8 2710 1326 43 48 179 0 0 0 0
1485902585 2221 128264 340 1026 0 16944 403 0 667 0 8 2710 1326 43 48 179 0 0 0 0
1485906466 2221 128264 340 1026 0 16944 403 0 667 0 16 2710 1326 43 48 179 0 0 0 0
1485906516 2221 128264 340 1026 0 16944 403 0 667 0 16 2710 1326 43 48 179 0 0 0 0
1485906565 2221 128264 340 1026 0 16944 403 0 667 0 16 2710 1326 43 48 179 0 0 0 0
1486011736 2221 128264 340 1026 0 16944 403 0 667 0 16 2710 1326 62 48 179 0 0 0 0
1486011753 2221 128264 340 1026 0 16944 403 0 667 0 16 2710 1326 62 48 179 0 0 0 0
1486015824 2221 128264 340 1026 0 16944 403 0 667 0 16 2710 1326 125 48 179 0 0 0 0
1486065364 2221 128264 340 1026 0 16944 403 0 667 0 16 2710 1326 180 48 179 0 0 0 0
1486069990 4266 128264 340 1026 0 16944 403 0 667 0 16 2710 1326 180 48 179 0 0 0 0
1486070390 4266 128264 340 1026 0 16944 403 0 667 0 16 2710 1326 180 48 179 0 0 0 0
1486071607 4266 128264 340 1026 0 16944 403 0 667 16 16 2710 1326 180 48 179 0 0 0 0
1486071702 4266 128264 340 1026 0 16944 403 0 667 16 16 2710 1326 180 48 179 0 0 0 0
1486072822 4266 128264 340 1026 0 16944 403 0 667 16 16 2710 1326 180 121 179 0 0 0 0
1486076744 4266 128264 340 1026 0 16944 413 0 667 16 16 2710 1326 180 121 179 0 0 0 0
1486077639 4266 128264 340 1026 0 16944 413 0 667 16 16 2710 1326 224 121 179 0 0 0 0
1486078339 4266 128264 340 1026 0 16944 413 0 667 186 16 2710 1326 224 121 179 0 0 0 0
1486079064 4266 128264 618 1026 0 16944 413 0 667 186 16 2710 1326 224 121 179 0 0 0 0
1486079953 4266 128264 659 1026 0 16944 413 0 667 186 16 2710 1326 224 121 179 0 0 0 0
1486083393 4266 128264 664 1026 0 16944 413 0 667 186 16 2710 1326 224 121 179 0 0 0 0
1486114142 4266 128264 664 1026 165 16944 413 0 667 186 16 2710 1326 224 121 179 0 0 0 0
1486506615 4266 128264 664 1026 165 16944 413 0 667 186 16 2710 1326 224 121 179 0 0 0 0
1486507293 4266 128264 664 1026 165 16944 413 0 667 186 642 2710 1326 224 121 179 0 0 0 0
1486509316 4266 128264 664 1026 165 16944 413 0 667 186 642 2710 1326 224 121 179 0 0 0 0
1486509704 4266 128264 664 1026 165 16944 413 0 667 186 642 2710 1326 224 121 179 0 0 0 0
1486510216 4266 128264 664 1026 165 16944 413 0 667 186 642 2710 1326 224 121 179 0 0 0 0
1486510629 4266 128264 664 1026 165 16944 413 0 667 186 642 2710 1326 224 121 179 0 0 0 0
1486511464 4266 128264 664 1026 165 16944 413 0 667 186 642 2710 1326 224 121 179 0 0 0 0
1486680690 4266 128264 664 1026 207 16944 413 0 667 186 642 2710 1326 950 121 179 0 0 0 0
1486781449 4266 128264 664 1026 246 16944 413 0 667 186 642 2710 1326 950 121 179 0 0 0 0
1486795046 4266 128264 710 1026 246 16944 413 0 667 186 642 2710 1326 950 121 179 0 0 0 0
1486795166 4266 128264 710 1026 246 16944 413 0 667 186 642 2710 1326 950 121 179 0 0 0 0
1486933449 4266 128264 722 1026 246 16944 413 0 667 186 642 2710 1326 950 121 179 0 0 0 0
1486933908 4266 128264 783 1026 246 16944 413 0 667 186 642 2710 1326 950 121 179 0 0 0 0
1487102069 4266 128264 783 1026 278 16944 413 0 667 186 642 2710 1326 950 121 179 0 0 0 0
1487102139 4266 128264 783 1026 278 16944 413 0 667 186 642 2710 1326 950 121 179 0 0 0 0
1487109712 4266 128264 783 1026 278 16944 413 0 667 186 742 2710 1326 950 121 179 0 0 0 0
1487116520 4266 128264 1252 1026 278 16944 413 0 667 186 742 2710 1326 950 121 179 0 0 0 0
1487117222 4266 128264 1252 1026 514 16944 413 0 667 474 742 2710 1326 950 121 179 0 0 0 0
1487280957 4266 128264 1252 1026 514 16944 413 0 667 783 742 2710 1326 950 121 179 0 0 0 0
1487281026 4266 128264 1252 1026 514 16944 413 0 667 783 742 2710 1326 950 121 179 0 0 0 0
1487283351 4266 128264 1252 1026 514 16944 413 0 808 783 742 2710 1326 950 121 179 0 0 0 0
1487283570 4266 128264 1252 1026 514 16944 413 0 808 783 742 2710 1326 950 121 179 0 0 0 0
1487285367 4266 128264 1252 1026 514 16944 413 0 808 783 742 2710 1326 950 121 179 0 0 0 0
1487286058 4266 128264 1265 1026 514 16944 413 0 808 783 742 2710 1326 950 121 179 0 0 0 0
1487286077 4266 128264 1265 1026 514 16944 413 0 808 783 742 2710 1326 950 121 179 0 0 0 0
1487286490 4266 128264 1265 1026 514 16944 413 0 808 783 742 2710 1326 950 121 179 0 0 0 0
1487286871 4266 128264 1265 1026 514 16944 413 0 808 783 742 2710 1326 950 121 179 0 0 0 0
1487287461 4266 128264 1265 1026 514 16944 413 0 808 783 742 2710 1326 950 121 179 0 0 0 0
1487287902 4266 128264 1265 1026 514 16944 413 0 808 783 742 2710 1326 950 133 179 0 0 0 0
1487289447 4266 128264 1265 1026 514 16944 413 0 808 783 742 2710 1326 950 163 179 0 0 0 0
1487289534 4266 128264 1265 1026 514 16944 413 0 808 783 742 2710 1326 950 163 179 0 0 0 0
1487290344 4266 128264 1265 1026 514 16944 413 0 808 783 742 2710 1326 950 163 179 0 0 0 0
1487296317 4266 128264 1265 1026 583 16944 413 0 808 783 742 2710 1326 950 163 179 0 0 0 0
1487319780 10785 128264 1265 1026 583 16944 413 0 808 783 742 2710 1326 950 163 179 0 0 0 0
1487326003 10785 128264 2778 1026 583 16944 413 0 808 783 742 2710 1326 950 163 179 0 0 0 0
1487333499 10785 128264 2817 1026 583 16944 413 0 808 783 742 2710 1326 950 163 179 0 0 0 0
1487343611 10785 128264 2928 1026 583 16944 413 0 808 783 742 2710 1326 950 163 179 0 0 0 0
1487499237 10785 128264 2928 1026 583 16944 413 0 808 783 742 3611 1326 950 163 179 0 0 0 0
1487658411 10785 128264 2928 1026 583 16944 413 0 808 783 742 3940 1326 950 163 179 0 0 0 0
1487669132 10785 128264 2928 1026 583 16944 413 0 808 783 742 4840 1326 950 163 179 0 0 0 0
1487715804 10785 128264 3028 1026 583 16944 413 0 808 783 742 4840 1326 950 163 179 0 0 0 0
1487716049 10785 128264 3028 1026 583 16944 413 0 808 783 910 4840 1326 950 163 179 0 0 0 0
1487833328 10785 128264 3145 1026 583 16944 413 0 808 783 910 4840 1326 950 163 179 0 0 0 0
1487833403 10785 128264 3145 1026 583 16944 413 0 808 783 910 4840 1326 950 163 179 0 0 0 0
1487833763 10785 128264 3165 1026 583 16944 413 0 808 783 910 4840 1326 950 163 179 0 0 0 0
1487836338 10785 128264 3170 1026 583 16944 413 0 808 783 910 4840 1326 950 163 179 0 0 0 0
1487856343 10785 128264 3170 1026 583 16944 413 0 808 783 910 5401 1326 950 163 179 0 0 0 0
1487888109 10785 128264 3170 1026 583 16944 413 68 808 783 910 5401 1326 950 163 179 0 0 0 0
1487889096 10785 128264 3170 1026 583 16944 413 68 808 783 910 5401 1326 950 163 179 0 0 0 0
1487889545 10785 128264 3170 1026 583 16944 413 68 808 783 910 5401 1326 1064 163 179 0 0 0 0
1487890422 10785 128264 3170 1026 583 16944 413 68 808 783 977 5401 1326 1064 163 179 0 0 0 0
1487890443 10785 128264 3170 1026 583 16944 413 68 808 783 977 5401 1326 1064 163 179 0 0 0 0
1487890792 10785 128264 3170 1026 583 16944 413 68 808 783 977 5401 1326 1064 163 465 0 0 0 0
1487890982 10785 128264 3170 1026 583 16944 413 68 808 783 977 5401 1326 1064 163 465 0 0 0 0
1487902044 10785 128264 3170 1026 621 16944 413 68 808 783 977 5401 1326 1064 163 465 0 0 0 0
1487909836 10785 128264 3174 1026 621 16944 413 68 808 783 977 5401 1326 1064 163 465 0 0 0 0
1487927077 10795 128264 3174 1026 621 16944 413 68 808 783 977 5401 1326 1064 163 465 0 0 0 0
1487981212 10795 128264 3174 1026 621 16944 413 68 808 783 977 5401 1326 1064 163 465 0 0 0 0
1487984798 10795 128264 3174 1026 621 16944 413 68 808 783 977 5401 1326 1064 163 465 0 0 0 0
1487985255 10795 128264 3174 1026 621 16944 413 68 808 783 977 5401 1326 1064 163 465 0 0 0 0
1488010083 10960 128264 3174 1026 621 16944 413 68 808 783 977 5401 1326 1064 163 465 0 0 0 0
1488752147 10978 128264 3174 1026 621 16944 413 68 808 783 977 5401 1326 1064 163 465 0 0 0 0
1488752676 10978 128264 3174 1026 621 16944 413 68 808 783 977 5401 1326 1064 163 465 0 0 0 0
1488779970 10978 128264 3174 1026 744 16944 413 68 808 783 977 5401 1326 1064 163 465 0 0 0 0
1488795652 10978 128264 3174 1026 744 16944 413 3230 808 783 977 5401 1326 1064 163 465 0 0 0 0
1488917263 11062 128264 3174 1026 744 16944 413 3230 808 783 977 5401 1326 1064 163 465 0 0 0 0
1488928667 11062 128264 3174 1026 744 16944 413 3230 808 1104 977 5401 1326 1064 163 465 0 0 0 0
1488929062 11062 128264 3174 1026 744 16944 413 3230 808 1104 1054 5401 1326 1064 163 465 0 0 0 0
1488930200 11062 128264 3174 1026 744 16944 413 3230 808 1454 1129 5401 1326 1064 163 465 0 0 0 0
1488932487 11062 128264 3174 1026 744 16944 413 3234 808 1454 1129 5401 1326 1064 163 465 0 0 0 0
1489006867 11062 128264 3174 1026 744 16944 413 3234 808 1454 1129 5401 1326 1064 163 465 0 0 0 0
1489011479 11062 128264 3174 1026 749 16944 413 3234 808 1454 1129 5401 1326 1064 163 465 0 0 0 0
1489012029 11062 128264 3174 1026 749 16944 413 3234 808 1454 1129 5401 1326 1064 163 465 0 0 0 0
1489019002 11062 128264 3174 1026 788 16944 413 3234 808 1454 1129 5401 1326 1064 163 465 0 0 0 0
1489019077 11062 128264 3174 1026 797 16944 413 3234 808 1454 1129 5401 1326 1064 163 465 0 0 0 0
1489091351 11062 128264 3276 1026 797 16944 413 3234 808 1454 1129 5401 1326 1064 163 465 0 0 0 0
1489100150 11062 128264 3276 1026 797 16944 413 3234 808 1454 1131 5401 1326 1064 163 465 0 0 0 0
1489100576 11062 128264 3276 1026 797 16944 413 3234 808 1454 1131 5401 1326 1064 163 465 0 0 0 0
1489103620 11062 128264 3276 1026 797 16944 413 3234 808 1454 1176 5401 1326 1064 163 465 0 0 0 0
1489105222 11172 128264 3276 1026 797 16944 413 3234 808 1454 1176 5401 1326 1064 163 465 0 0 0 0
1489105303 11172 128264 3276 1026 797 16944 413 3234 808 1454 1176 5401 1326 1064 163 465 0 0 0 0
1489105499 11172 128264 3517 1026 797 16944 413 3234 808 1454 1176 5401 1326 1064 163 465 0 0 0 0
1489105547 11172 128264 3517 1026 797 16944 413 3234 808 1454 1176 5401 1326 1064 163 465 0 0 0 0
1489105553 11172 128264 3517 1026 797 16944 413 3234 808 1454 1176 5401 1326 1064 163 465 0 0 0 0
1489107183 11282 128264 3517 1026 797 16944 413 3234 808 1454 1176 5401 1326 1064 163 465 0 0 0 0
1489528359 11282 128264 3517 1026 803 16944 413 3234 808 1454 1176 5401 1326 1064 163 465 0 0 0 0
1489528543 11282 128264 3557 1026 803 16944 413 3234 808 1454 1176 5401 1326 1064 163 465 0 0 0 0
1489528863 11282 128264 3557 1026 803 16944 413 3234 808 1454 1176 5401 1326 1064 163 465 0 0 0 0
1489529099 11282 128264 3557 1026 803 16944 413 3234 808 1454 1176 5401 1326 1064 163 465 0 0 0 0
1489529168 11282 128264 3557 1026 803 16944 413 3234 808 1454 1176 5401 1326 1064 163 465 0 0 0 0
1489529513 11282 128264 3557 1026 803 16944 413 3234 808 1454 1176 5401 1326 1064 163 465 0 0 0 0
1489530549 11282 128264 3571 1026 803 16944 413 3234 808 1454 1176 5401 1326 1064 163 465 0 0 0 0
1489530969 11282 128264 3571 1026 803 16944 413 3234 808 1454 1176 5401 1326 1064 163 465 0 0 0 0
1489533982 11282 128264 3571 1026 809 16944 413 3234 808 1454 1176 5401 1326 1064 163 465 0 0 0 0
1489534135 11282 128264 3571 1026 809 16944 413 3234 808 1454 1176 5401 1326 1064 163 465 0 0 0 0
1489640529 11282 128264 3571 1026 814 16944 413 3234 808 1454 1176 5401 1326 1064 163 465 0 0 0 0
1489703484 11282 128264 3571 1026 814 16944 413 3234 808 1454 1176 5401 1326 1064 163 465 0 0 0 0
1489703684 11282 128264 3571 1026 814 16944 413 3234 808 1454 1176 5401 1326 1064 163 465 0 0 0 0
1489703685 11282 128264 3571 1026 814 16944 413 3234 808 1454 1176 5401 1326 1064 163 465 0 0 0 0
1489873225 11444 128264 3571 1026 814 16944 413 3234 808 1454 1176 5401 1326 1064 163 465 0 0 0 0
1489876558 11444 128264 3571 1026 814 16944 413 3234 808 1454 1176 5401 1326 1064 163 465 0 0 0 0
1489881884 11464 128264 3571 1026 814 16944 413 3234 808 1454 1176 5401 1326 1064 163 465 0 0 0 0
1489886415 11472 128264 3571 1026 814 16944 413 3234 808 1454 1176 5401 1326 1064 163 465 0 0 0 0
1489900898 11472 128264 3571 1026 814 16944 413 3234 808 1454 1176 5401 1326 1064 163 465 0 0 0 0
1489903376 11472 128264 3571 1026 814 16944 413 3234 808 1454 1176 5401 1326 1064 163 465 0 0 0 0
1490041845 11473 128264 3571 1026 814 16944 413 3234 808 1454 1176 5401 1326 1064 163 465 0 0 0 0
1490072589 11473 128264 3600 1026 814 16944 413 3234 808 1454 1176 5401 1326 1064 163 465 0 0 0 0
1490127182 11473 128264 3600 1026 814 16944 413 3234 808 1547 1176 5401 1326 1064 163 465 0 0 0 0
1490131971 11473 128264 3600 1026 814 16944 413 3234 808 1580 1176 5401 1326 1064 163 465 0 0 0 0
1490132218 11473 128264 3756 1026 814 16944 413 3234 808 1580 1176 5401 1326 1064 163 465 0 0 0 0
1490132240 11473 128264 3756 1026 814 16944 413 3234 808 1580 1176 5401 1326 1064 163 465 0 0 0 0
1490138753 11473 128264 3787 1026 814 16944 413 3234 808 1580 1176 5401 1326 1064 163 465 0 0 0 0
1490215121 11571 128264 3787 1026 814 16944 413 3234 808 1580 1176 5401 1326 1064 163 465 0 0 0 0
1490215424 11571 128264 3787 1026 814 16944 413 3234 808 1580 1176 5401 1326 1064 163 465 0 0 0 0
1490216845 11571 128264 3787 1026 814 16944 413 3234 808 1580 1176 5401 1326 1064 163 465 0 0 0 0
1490218622 11572 128264 3787 1026 814 16944 413 3234 808 1580 1176 5401 1326 1064 163 465 0 0 0 0
1490220616 11580 128264 3787 1026 814 16944 413 3234 808 1580 1176 5401 1326 1064 163 465 0 0 0 0
1490302521 11580 128264 3787 1026 814 16944 413 3234 808 1580 1176 5401 1326 1064 163 465 0 0 0 0
1490307339 11580 128264 3787 1026 814 16944 413 3234 808 1580 1176 5401 1326 1064 199 465 0 0 0 0
1490308261 11660 128264 3787 1026 814 16944 413 3234 808 1580 1176 5401 1326 1064 199 465 0 0 0 0
1490309443 11660 128264 3858 1026 814 16944 413 3234 808 1580 1176 5401 1326 1064 199 465 0 0 0 0
1490310502 11660 128264 3858 1026 814 16944 413 3234 808 1580 1176 5401 1326 1064 199 465 0 0 0 0
1490310632 11660 128264 3858 1026 814 16944 413 3234 808 1580 1176 5401 1326 1064 199 499 0 0 0 0
1490310853 11660 128264 3875 1026 814 16944 413 3234 808 1580 1176 5401 1326 1064 199 499 0 0 0 0
1490311409 11660 128264 3885 1026 814 16944 413 3234 808 1580 1176 5401 1326 1064 199 499 0 0 0 0
1490325583 11660 128264 3885 1026 814 16944 413 8694 808 1580 1176 5401 1326 1064 199 499 0 0 0 0
1490508589 11759 128264 3885 1026 814 16944 413 8694 808 1580 1176 5401 1326 1064 199 499 0 0 0 0
1490510078 11782 128264 3885 1026 814 16944 413 8694 808 1580 1176 5401 1326 1064 199 499 0 0 0 0
1490510162 11784 128264 3885 1026 814 16944 413 8694 808 1580 1176 5401 1326 1064 199 499 0 0 0 0
1490522146 11784 128264 3885 1026 814 16944 413 8694 808 1580 1176 6304 1326 1064 199 499 0 0 0 0
1490557273 11815 128264 3885 1026 814 16944 413 8694 808 1580 1176 6304 1326 1064 199 499 0 0 0 0
1490557672 11815 128264 3885 1026 814 16944 413 8694 808 1580 1176 6304 1326 1064 199 499 0 0 0 0
1490562615 11815 128264 3927 1026 814 16944 413 8694 808 1580 1176 6304 1326 1064 199 499 0 0 0 0
1490563536 11855 128264 3927 1026 814 16944 413 8694 808 1580 1176 6304 1326 1064 199 499 0 0 0 0
1490576217 11862 128264 3927 1026 814 16944 413 8694 808 1580 1176 6304 1326 1064 199 499 0 0 0 0
1490576252 11862 128264 3927 1026 814 16944 413 8694 808 1580 1176 6304 1326 1064 199 499 0 0 0 0
1490576653 11863 128264 3927 1026 814 16944 413 8694 808 1580 1176 6304 1326 1064 199 499 0 0 0 0
1490577023 11863 128264 3927 1026 814 16944 413 8694 808 1580 1176 6304 1326 1064 199 499 0 0 0 0
1490581144 11877 128264 3927 1026 814 16944 413 8694 808 1580 1176 6304 1326 1064 199 499 0 0 0 0
1490598328 11877 128264 3927 1026 969 16944 413 8694 808 1580 1176 6304 1326 1064 199 499 0 0 0 0
1490682369 11877 128264 3927 1026 969 16944 413 8694 808 1580 1176 6304 1326 1064 199 499 0 0 0 0
1490686377 11877 128264 3927 1026 969 16944 413 8694 808 1580 1176 7187 1326 1064 199 499 0 0 0 0
1490734138 11877 128264 3927 1026 969 16944 413 8694 808 2057 1176 7187 1326 1064 199 499 0 0 0 0
1490735647 11877 128264 3927 1026 969 16944 413 8694 808 2057 1176 7187 1326 1064 199 499 0 0 0 0
1490735663 11885 128264 3927 1026 969 16944 413 8694 808 2057 1176 7187 1326 1064 199 499 0 0 0 0
1490737341 11885 128264 3927 1026 969 16944 413 8694 808 2057 1176 7187 1326 1064 199 499 0 0 0 0
1490737661 11885 128264 3927 1026 969 16944 413 8694 808 2057 1176 7187 1326 1064 199 552 0 0 0 0
1490738661 11885 128264 3927 1026 969 16944 413 8694 808 2057 1176 7187 1326 1064 199 552 0 0 0 0
1490741164 11885 128264 3927 1026 969 16944 413 8694 808 2057 1176 7187 1326 1064 199 552 0 0 0 0
1490741204 11885 128264 3927 1026 969 16944 413 8694 808 2057 1176 7187 1326 1064 199 552 0 0 0 0
1490741217 11885 128264 3927 1026 969 16944 413 8694 808 2057 1176 7187 1326 1064 199 552 0 0 0 0
1490818776 11885 128264 3927 1026 969 16944 413 8694 808 2057 1176 7187 1326 1064 199 552 0 0 1049 0
1490819851 11885 128264 3927 1026 969 16944 413 8694 808 2057 1176 7187 1326 1064 199 552 0 0 1049 0
1490823951 11885 128264 3927 1026 969 16944 413 8694 808 2057 1176 7187 1326 1064 199 552 0 0 1547 0
1490866136 11885 128264 3927 1026 969 16944 413 8694 808 2057 1176 7187 1326 1064 199 552 0 0 1547 0
1490873964 11885 128264 3927 1026 969 16944 413 8694 808 2057 1176 7187 1326 1064 199 552 0 0 1547 0
1490898295 11885 128264 3927 1026 969 16944 413 8694 808 2057 1176 7187 1326 1064 199 552 0 0 1547 0
1490911933 11885 128264 3928 1026 969 16944 413 8694 808 2057 1176 7187 1326 1064 199 552 0 0 1547 0
1490915108 11885 128264 3928 1026 969 16944 413 8694 808 2169 1176 7187 1326 1064 199 552 0 0 1547 0
1490915929 11885 128264 3928 1026 969 16944 413 9466 808 2169 1176 7187 1326 1064 199 552 0 0 1547 0
1490916367 11885 128264 3953 1026 969 16944 413 9466 808 2169 1176 7187 1326 1064 199 552 0 0 1547 0
1490917349 11885 128264 3953 1026 996 16944 413 9466 808 2169 1176 7187 1326 1064 199 552 0 0 1547 0
1491099677 11885 128264 3953 1026 996 16944 413 9466 808 2169 1176 7187 1326 1064 199 552 0 0 1547 0
1491168443 11885 128264 3953 1026 996 16944 413 9466 808 2169 1176 7187 1326 1064 199 552 518 0 1547 0
1491171881 11885 128264 3953 1026 996 16944 413 9466 808 2169 1176 7187 1326 1064 199 552 664 0 1547 0
1491185397 11885 128264 3953 1026 996 16944 413 9466 808 2169 1176 7187 1326 1064 199 552 680 0 1547 0
1491340435 11885 128264 3953 1026 996 16944 413 9466 808 2169 1176 7187 1326 1064 199 552 680 0 1547 0
1491340500 11885 128264 3953 1026 996 16944 413 9466 808 2169 1176 7187 1326 1064 199 552 680 0 1547 0
1491340538 11885 128264 3953 1026 996 16944 413 9466 808 2169 1176 7187 1326 1064 199 552 680 0 1547 0
1491341294 11885 128264 3953 1026 996 16944 413 9466 808 2169 1176 7187 1326 1064 199 552 680 0 1547 0
1491344575 11885 128264 3953 1026 996 16944 413 9466 808 2169 1263 7187 1326 1064 199 552 680 0 1547 0
1491346986 11885 128264 3953 1026 1007 16944 413 9466 808 2169 1263 7187 1326 1064 199 552 680 0 1547 0
1491348565 11885 128264 3953 1026 1007 16944 413 10070 808 2169 1263 7187 1326 1064 199 552 680 0 1547 0
1491423688 11885 128264 3953 1026 1007 16944 413 10070 808 2169 1263 7187 1326 1064 199 552 807 0 1547 0
1491425021 11885 128264 3953 1026 1007 16944 413 10070 808 2169 1263 7187 1326 1064 199 552 77563 0 1547 0
1491426513 11885 128264 3953 1026 1007 16944 413 10070 808 2169 1263 7187 1326 1064 199 552 151806 0 1547 0
1491427790 11885 128264 3953 1026 1007 16944 413 10070 808 2169 1263 7187 1326 1064 199 552 151806 0 1547 0
1491511938 11885 128264 3953 1026 1007 16944 413 10070 808 2169 1263 7187 1326 1064 199 592 151806 0 1547 0
1491514071 11885 128264 3953 1026 1007 16944 413 10070 808 2169 1263 7187 1326 1064 199 592 151806 0 1547 0
1491514256 11885 128264 3953 1026 1007 16944 413 10070 808 2172 1263 7187 1326 1064 199 592 151806 0 1547 0
1491514337 11885 128264 3953 1026 1007 16944 413 10070 808 2172 1263 7187 1326 1064 199 592 151806 0 1547 0
1491514532 11885 128264 3953 1026 1007 16944 413 10070 808 2172 1263 7187 1326 1064 199 592 151806 0 1547 0
1491514556 11885 128264 3953 1026 1007 16944 413 10070 808 2172 1263 7187 1326 1064 199 592 151806 0 1547 0
1491514644 11885 128264 3953 1026 1007 16944 413 10070 808 2172 1263 7187 1326 1064 199 592 151806 0 1547 0
1491514865 11891 128264 3953 1026 1007 16944 413 10070 808 2172 1263 7187 1326 1064 199 592 151806 0 1547 0
1491515105 11891 128264 3953 1026 1007 16944 413 10070 808 2172 1344 7187 1326 1064 199 592 151806 0 1547 0
1491515376 11891 128264 3953 1026 1008 16944 413 10070 808 2172 1344 7187 1326 1064 199 592 151806 0 1547 0
1491516769 11891 128264 3953 1026 1012 16944 413 10070 808 2172 1344 7187 1326 1064 199 592 151806 0 1547 0
1491517195 11891 128264 3953 1026 1012 16944 413 10070 808 2172 1344 7187 1326 1064 199 592 151806 0 1547 0
1491517899 11891 128264 3953 1026 1012 16944 413 10070 808 2172 1344 7187 1326 1064 199 592 151806 0 1547 0
1491519442 11891 128264 3953 1026 1012 16944 413 10070 808 2188 1344 7187 1326 1064 199 592 151806 0 1547 0
1491519758 11891 128264 3953 1026 1012 16944 413 10070 808 2188 1344 7187 1326 1064 199 592 151806 0 1547 0
1491520178 11893 128264 3953 1026 1012 16944 413 10070 808 2188 1344 7187 1326 1064 199 592 151806 0 1547 0
1491525012 11893 128264 3953 1026 1012 16944 413 10070 808 2188 1344 7187 1326 1064 199 592 151806 0 1547 0
1491800720 11893 128264 3953 1026 1082 16944 413 10070 808 2188 1344 7187 1326 1064 199 592 151806 0 1547 0
1491897346 11893 128264 3956 1026 1082 16944 413 10070 808 2188 1344 7187 1326 1064 199 592 151806 0 1547 0
1491944450 11893 128264 3956 1026 1082 16944 413 10070 808 2188 1344 7187 1326 1064 199 592 151806 0 1547 0
1491946256 11893 128264 3956 1026 1082 16944 413 10070 808 2188 1344 7187 1326 1064 199 592 151806 0 1547 0
1491954889 11893 128264 4728 1026 1082 16944 413 10070 808 2188 1344 7187 1326 1064 199 592 151806 0 1547 0
1491979683 11918 128264 4728 1026 1082 16944 413 10070 808 2188 1344 7187 1326 1064 199 592 151806 0 1547 0
1492040968 12025 128264 4728 1026 1082 16944 413 10070 808 2188 1344 7187 1326 1064 199 592 151806 0 1547 0
1492111217 12025 128264 4728 1026 1082 16944 413 10070 808 2188 1344 7187 1326 1064 199 592 151806 201 1547 0
1492114040 12025 128264 4728 1026 1103 16944 413 10070 808 2188 1344 7187 1326 1064 199 592 151806 201 1547 0
1492116457 12025 128264 4728 1026 1103 16944 413 10070 808 2188 1344 7187 1326 1064 199 592 151806 201 1547 0
1492119400 12025 128264 4728 1026 1103 16944 413 10070 808 2188 1385 7187 1326 1064 199 592 151806 201 1547 0
1492119834 12025 128264 4738 1026 1103 16944 413 10070 808 2188 1385 7187 1326 1064 199 592 151806 201 1547 0
1492120222 12025 128264 4738 1026 1103 16944 413 10070 808 2188 1392 7187 1326 1064 199 592 151806 201 1547 0
1492120891 12034 128264 4738 1026 1103 16944 413 10070 808 2188 1392 7187 1326 1064 199 592 151806 201 1547 0
1492121980 12034 128264 4738 1026 1103 16944 413 10070 808 2188 1392 7187 1326 1064 199 592 151806 201 1547 0
1492123772 12034 128264 4738 1026 1103 16944 413 10070 808 2188 1392 7187 1326 1064 199 592 151806 230 1547 0
1492128104 12034 128264 4738 1026 1103 16944 413 10070 808 2188 1392 7187 1326 1064 199 592 151806 230 1547 0
1492130645 12034 128264 4738 1026 1103 16944 413 11444 808 2188 1392 7187 1326 1064 199 592 151806 230 1547 0
1492130930 12034 128264 4738 1026 1125 16944 413 11444 808 2188 1392 7187 1326 1064 199 592 151806 230 1547 0
1492151702 12034 128264 4738 1026 1125 16944 413 11444 808 2188 1392 7187 1326 1064 199 592 151806 230 1547 0
1492225429 12034 128264 4738 1026 1125 16944 413 11444 808 2188 1392 7187 1326 1064 199 592 151806 230 1547 0
1492226009 12034 128264 4738 1026 1125 16944 413 11444 808 2188 1392 7187 1326 1064 199 592 151806 230 1547 0
1492232808 12034 128264 4738 1026 1125 16944 413 11444 808 2188 1392 7187 1326 1064 199 592 151806 230 1547 0
1492402494 12034 128264 4738 1026 1125 16944 413 11444 808 2188 1392 7187 1326 1064 199 592 151806 230 1547 0
1492413797 12034 128264 4738 1026 1144 16944 413 11444 808 2188 1392 7187 1326 1064 199 592 151806 230 1547 0
1492548290 12174 128264 4738 1026 1144 16944 413 11444 808 2188 1392 7187 1326 1064 199 592 151806 230 1547 0
1492558622 12174 128264 4738 1026 1144 16944 413 12091 808 2188 1392 7187 1326 1064 199 592 151806 230 1547 0
1492559684 12174 128264 4738 1026 1144 16944 413 12091 808 2188 1392 7187 1326 1064 199 592 153019 230 1547 0
1492559836 12174 128264 4738 1026 1144 16944 413 12091 808 2188 1392 7187 1326 1064 199 592 153019 230 1547 0
1492602431 12174 128264 4738 1026 1144 16944 413 12091 808 2188 1392 8288 1326 1064 199 592 153019 230 1547 0
1492634978 12174 128264 4738 1026 1144 16944 413 12091 808 2188 1392 8288 1326 1064 199 592 153019 230 1547 0
1492635072 12174 128264 4738 1026 1144 16944 413 12091 808 2188 1392 8288 1326 1064 199 592 153019 230 1547 0
1492635578 12174 128264 4738 1026 1144 16944 413 12091 808 2188 1392 8288 1326 1064 199 592 153019 230 1547 0
1492636160 12174 128264 4738 1026 1144 16944 413 12091 808 2188 1392 8288 1326 1064 199 592 153019 230 1547 0
1492643360 12174 128264 4738 1026 1144 16944 413 12091 808 2188 1392 8288 1326 1064 199 592 153019 257 1547 0
1492664612 12174 128264 4738 1026 1144 16944 413 12091 808 2188 1392 8288 1326 1064 199 592 153019 267 1547 0
1492684237 12174 128264 4738 1026 1144 16944 413 12091 808 2188 1392 8539 1326 1064 199 592 153019 267 1547 0
1492718175 12174 128264 4738 1026 1144 16944 413 12091 808 2188 1392 8539 1326 1064 199 592 153019 267 1547 0
1492718190 12174 128264 4738 1026 1144 16944 413 12091 808 2188 1392 8539 1326 1064 199 592 153019 267 1547 0
1492721797 12174 128264 4738 1026 1144 16944 413 12091 808 2188 1392 8539 1326 1064 199 592 153019 267 1547 0
1492724191 12174 128264 4738 1026 1144 16944 413 12092 808 2188 1392 8539 1326 1064 199 592 153019 267 1547 0
1492724242 12174 128264 4738 1026 1144 16944 413 12092 808 2188 1392 8539 1326 1064 199 592 153019 267 1547 0
1492726014 12174 128264 4956 1026 1144 16944 413 12092 808 2188 1392 8539 1326 1064 199 592 153019 267 1547 0
1492726466 12174 128264 4956 1026 1144 16944 413 12208 808 2188 1392 8539 1326 1064 199 592 153019 267 1547 0
1492727569 12174 128264 4956 1026 1144 16944 413 12208 808 2188 1392 8539 1326 1064 199 592 153019 267 1547 0
1492729857 12174 128264 9087 1026 1144 16944 413 12208 808 2188 1392 8539 1326 1064 199 592 153019 267 1547 0
1492730862 12174 128264 9087 1026 1144 16944 413 12489 808 2188 1392 8539 1326 1064 199 592 153019 267 1547 0
1492733726 12174 128264 9090 1026 1144 16944 413 12489 808 2188 1392 8539 1326 1064 199 592 153019 267 1547 0
1492734751 12174 128264 9090 1026 1144 16944 413 13000 808 2188 1392 8539 1326 1064 199 592 153019 267 1547 0
1492735703 12174 128264 9091 1026 1144 16944 413 13000 808 2188 1392 8539 1326 1064 199 592 153019 267 1547 0
1492735983 12174 128264 9091 1026 1144 16944 413 13000 808 2188 1392 8539 1326 1064 199 592 153019 267 1547 0
1492736552 12174 128264 9157 1026 1144 16944 413 13000 808 2188 1392 8539 1326 1064 199 592 153019 267 1547 0
1492738032 12174 128264 9157 1026 1144 16944 413 13000 808 2188 1392 8539 1326 1064 199 592 153019 267 1547 0
1492984621 12174 128264 9157 1026 1441 16944 413 13000 808 2188 1392 8539 1326 1064 199 592 153019 267 1547 0
1492994896 12174 128264 9157 1026 1602 16944 413 13000 808 2188 1392 8539 1326 1064 199 592 153019 267 1547 0
1493003249 12174 128264 9157 1026 1602 16944 413 13000 808 2188 1392 8539 1326 1064 199 592 153019 267 1547 0
1493011726 12174 128264 9157 1026 6055 16944 413 13000 808 2188 1392 8539 1326 1064 199 592 153019 267 1547 0
1493013197 12174 128264 9157 1026 6179 16944 413 13000 808 2188 1392 8539 1326 1064 199 592 153019 267 1547 0
1493013222 12174 128264 9157 1026 6179 16944 413 13000 808 2188 1392 8539 1326 1064 199 592 153019 267 1547 0
1493019319 12174 128264 9157 1026 6267 16944 413 13000 808 2188 1392 8539 1326 1064 199 592 153019 267 1547 0
1493156215 12174 128264 9157 1026 6267 16944 413 13000 808 2188 1392 8539 1326 1064 199 704 153019 267 1547 0
1493158110 12174 128264 9157 1026 6267 16944 413 13000 808 2188 1392 8539 1326 1064 199 704 153019 267 1547 0
1493158571 12174 128264 9157 1026 6267 16944 413 13000 808 2188 1392 8539 1326 1064 199 704 153019 267 1547 0
1493159065 12174 128264 9157 1026 6267 16944 413 13000 808 2188 1392 8539 1326 1064 199 704 153019 267 1547 0
1493160815 12174 128264 9178 1026 6267 16944 413 13000 808 2188 1392 8539 1326 1064 199 704 153019 267 1547 0
1493160851 12174 128264 9178 1026 6267 16944 413 13000 808 2188 1392 8539 1326 1064 199 704 153019 267 1547 0
1493297612 12174 128264 9178 1026 6267 16944 413 13000 808 2188 1392 8849 1326 1064 199 704 153019 267 1547 0
1493325436 12174 128264 9178 1026 6267 16944 413 13200 808 2188 1392 8849 1326 1064 199 704 153019 267 1547 0
1493326279 12174 128264 9178 1026 6267 16944 413 13201 808 2188 1392 8849 1326 1064 199 704 153019 267 1547 0
1493327020 12174 128264 9178 1026 6267 16944 413 13202 808 2188 1392 8849 1326 1064 199 704 153019 267 1547 0
1493328938 12174 128264 9178 1026 16612 16944 413 13202 808 2188 1392 8849 1326 1064 199 704 153019 267 1547 0
1493328990 12174 128264 9178 1026 16612 16944 413 13202 808 2188 1392 8849 1326 1064 199 704 153019 267 1547 0
1493329246 12174 128264 9178 1026 16616 16944 413 13202 808 2188 1392 8849 1326 1064 199 704 153019 267 1547 0
1493332559 12174 128264 9178 1026 16616 16944 413 15947 808 2188 1392 8849 1326 1064 199 704 153019 267 1547 0
1493333585 12174 128264 9178 1026 16623 16944 413 15947 808 2188 1392 8849 1326 1064 199 704 153019 267 1547 0
1493333650 12174 128264 9178 1026 16623 16944 413 15947 808 2188 1392 8849 1326 1064 199 704 153019 267 1547 0
1493333952 12174 128264 9178 1026 16627 16944 413 15947 808 2188 1392 8849 1326 1064 199 704 153019 267 1547 0
1493335259 12174 128264 9178 1026 16627 16944 413 15947 808 2188 1392 8849 1326 1064 199 704 153019 267 1547 0
1493341914 12174 128264 9178 1026 16627 16944 413 15980 808 2188 1392 8849 1326 1064 199 704 153019 267 1547 0
1493343028 12174 128264 9178 1026 16627 16944 413 15980 808 2188 1392 8849 1326 1064 199 704 153019 267 1547 0
1493348972 12174 128264 9178 1026 24227 16944 413 15980 808 2188 1392 8849 1326 1064 199 704 153019 267 1547 0
1493349411 12174 128264 9178 1026 24227 16944 413 15980 808 2188 1392 8849 1326 1064 199 704 153019 267 1547 0
1493349549 12174 128264 9178 1026 24229 16944 413 15980 808 2188 1392 8849 1326 1064 199 704 153019 267 1547 0
1493407492 12174 128264 9178 1026 24229 16944 417 15980 808 2188 1392 8849 1326 1064 199 704 153019 267 1547 0
1493407552 12174 128264 9178 1026 24229 16944 417 15980 808 2188 1392 8849 1326 1064 199 704 153019 267 1547 0
